Number of items: 150
Horizon: 15
Time limit: 1000
Load limit: 9000
Initial item inventory level
40
294
201
30
22
58
54
297
87
72
94
106
56
99
19
98
114
56
126
120
54
22
190
44
178
123
92
111
252
297
294
84
73
73
174
168
41
294
66
140
165
24
146
40
285
279
141
26
140
270
24
58
297
35
82
168
24
13
184
162
225
174
37
198
112
40
186
74
150
27
12
135
201
42
174
153
255
234
98
148
124
31
176
30
264
48
45
276
97
129
100
12
168
99
170
134
252
82
40
80
118
28
285
52
249
174
24
186
72
70
91
129
61
90
94
150
147
38
29
47
60
38
34
69
166
26
19
153
62
78
56
97
38
47
99
41
104
46
67
225
140
172
135
91
90
33
123
32
45
91
Maximum inventory capacity per item
60
392
268
60
33
87
108
396
174
96
141
159
112
198
38
196
152
112
168
180
108
33
285
88
267
164
138
148
336
396
392
112
146
146
232
224
82
392
132
210
220
36
219
80
380
372
188
52
210
360
48
87
396
70
164
252
36
26
276
243
300
261
74
297
168
80
279
148
225
54
24
180
268
56
261
204
340
312
147
222
186
62
264
40
352
96
90
368
194
172
150
24
224
132
255
201
336
123
60
160
177
42
380
78
332
232
36
248
108
105
182
172
122
120
141
225
196
76
58
94
90
76
51
92
249
39
38
204
93
104
112
194
57
94
132
82
156
92
134
300
210
258
180
182
120
44
164
64
60
182
Reserve storage replenishment rate per item and per period
120	0	0	120	0	0	120	0	0	120	0	0	120	0	0	
588	0	0	588	0	0	588	0	0	588	0	0	588	0	0	
402	0	0	402	0	0	402	0	0	402	0	0	402	0	0	
180	0	0	180	0	0	180	0	0	180	0	0	180	0	0	
66	0	0	66	0	0	66	0	0	66	0	0	66	0	0	
174	0	0	174	0	0	174	0	0	174	0	0	174	0	0	
324	0	0	324	0	0	324	0	0	324	0	0	324	0	0	
594	0	0	594	0	0	594	0	0	594	0	0	594	0	0	
522	0	0	522	0	0	522	0	0	522	0	0	522	0	0	
144	0	0	144	0	0	144	0	0	144	0	0	144	0	0	
282	0	0	282	0	0	282	0	0	282	0	0	282	0	0	
318	0	0	318	0	0	318	0	0	318	0	0	318	0	0	
336	0	0	336	0	0	336	0	0	336	0	0	336	0	0	
594	0	0	594	0	0	594	0	0	594	0	0	594	0	0	
114	0	0	114	0	0	114	0	0	114	0	0	114	0	0	
588	0	0	588	0	0	588	0	0	588	0	0	588	0	0	
228	0	0	228	0	0	228	0	0	228	0	0	228	0	0	
336	0	0	336	0	0	336	0	0	336	0	0	336	0	0	
252	0	0	252	0	0	252	0	0	252	0	0	252	0	0	
360	0	0	360	0	0	360	0	0	360	0	0	360	0	0	
324	0	0	324	0	0	324	0	0	324	0	0	324	0	0	
66	0	0	66	0	0	66	0	0	66	0	0	66	0	0	
570	0	0	570	0	0	570	0	0	570	0	0	570	0	0	
264	0	0	264	0	0	264	0	0	264	0	0	264	0	0	
534	0	0	534	0	0	534	0	0	534	0	0	534	0	0	
246	0	0	246	0	0	246	0	0	246	0	0	246	0	0	
276	0	0	276	0	0	276	0	0	276	0	0	276	0	0	
222	0	0	222	0	0	222	0	0	222	0	0	222	0	0	
504	0	0	504	0	0	504	0	0	504	0	0	504	0	0	
594	0	0	594	0	0	594	0	0	594	0	0	594	0	0	
588	0	0	588	0	0	588	0	0	588	0	0	588	0	0	
168	0	0	168	0	0	168	0	0	168	0	0	168	0	0	
438	0	0	438	0	0	438	0	0	438	0	0	438	0	0	
438	0	0	438	0	0	438	0	0	438	0	0	438	0	0	
348	0	0	348	0	0	348	0	0	348	0	0	348	0	0	
336	0	0	336	0	0	336	0	0	336	0	0	336	0	0	
246	0	0	246	0	0	246	0	0	246	0	0	246	0	0	
588	0	0	588	0	0	588	0	0	588	0	0	588	0	0	
396	0	0	396	0	0	396	0	0	396	0	0	396	0	0	
420	0	0	420	0	0	420	0	0	420	0	0	420	0	0	
330	0	0	330	0	0	330	0	0	330	0	0	330	0	0	
72	0	0	72	0	0	72	0	0	72	0	0	72	0	0	
438	0	0	438	0	0	438	0	0	438	0	0	438	0	0	
240	0	0	240	0	0	240	0	0	240	0	0	240	0	0	
570	0	0	570	0	0	570	0	0	570	0	0	570	0	0	
558	0	0	558	0	0	558	0	0	558	0	0	558	0	0	
282	0	0	282	0	0	282	0	0	282	0	0	282	0	0	
156	0	0	156	0	0	156	0	0	156	0	0	156	0	0	
420	0	0	420	0	0	420	0	0	420	0	0	420	0	0	
540	0	0	540	0	0	540	0	0	540	0	0	540	0	0	
144	0	0	144	0	0	144	0	0	144	0	0	144	0	0	
174	0	0	174	0	0	174	0	0	174	0	0	174	0	0	
594	0	0	594	0	0	594	0	0	594	0	0	594	0	0	
210	0	0	210	0	0	210	0	0	210	0	0	210	0	0	
492	0	0	492	0	0	492	0	0	492	0	0	492	0	0	
504	0	0	504	0	0	504	0	0	504	0	0	504	0	0	
72	0	0	72	0	0	72	0	0	72	0	0	72	0	0	
78	0	0	78	0	0	78	0	0	78	0	0	78	0	0	
552	0	0	552	0	0	552	0	0	552	0	0	552	0	0	
486	0	0	486	0	0	486	0	0	486	0	0	486	0	0	
450	0	0	450	0	0	450	0	0	450	0	0	450	0	0	
522	0	0	522	0	0	522	0	0	522	0	0	522	0	0	
222	0	0	222	0	0	222	0	0	222	0	0	222	0	0	
594	0	0	594	0	0	594	0	0	594	0	0	594	0	0	
336	0	0	336	0	0	336	0	0	336	0	0	336	0	0	
240	0	0	240	0	0	240	0	0	240	0	0	240	0	0	
558	0	0	558	0	0	558	0	0	558	0	0	558	0	0	
444	0	0	444	0	0	444	0	0	444	0	0	444	0	0	
450	0	0	450	0	0	450	0	0	450	0	0	450	0	0	
162	0	0	162	0	0	162	0	0	162	0	0	162	0	0	
72	0	0	72	0	0	72	0	0	72	0	0	72	0	0	
270	0	0	270	0	0	270	0	0	270	0	0	270	0	0	
402	0	0	402	0	0	402	0	0	402	0	0	402	0	0	
84	0	0	84	0	0	84	0	0	84	0	0	84	0	0	
522	0	0	522	0	0	522	0	0	522	0	0	522	0	0	
306	0	0	306	0	0	306	0	0	306	0	0	306	0	0	
510	0	0	510	0	0	510	0	0	510	0	0	510	0	0	
468	0	0	468	0	0	468	0	0	468	0	0	468	0	0	
294	0	0	294	0	0	294	0	0	294	0	0	294	0	0	
444	0	0	444	0	0	444	0	0	444	0	0	444	0	0	
372	0	0	372	0	0	372	0	0	372	0	0	372	0	0	
186	0	0	186	0	0	186	0	0	186	0	0	186	0	0	
528	0	0	528	0	0	528	0	0	528	0	0	528	0	0	
60	0	0	60	0	0	60	0	0	60	0	0	60	0	0	
528	0	0	528	0	0	528	0	0	528	0	0	528	0	0	
288	0	0	288	0	0	288	0	0	288	0	0	288	0	0	
270	0	0	270	0	0	270	0	0	270	0	0	270	0	0	
552	0	0	552	0	0	552	0	0	552	0	0	552	0	0	
582	0	0	582	0	0	582	0	0	582	0	0	582	0	0	
258	0	0	258	0	0	258	0	0	258	0	0	258	0	0	
300	0	0	300	0	0	300	0	0	300	0	0	300	0	0	
72	0	0	72	0	0	72	0	0	72	0	0	72	0	0	
336	0	0	336	0	0	336	0	0	336	0	0	336	0	0	
198	0	0	198	0	0	198	0	0	198	0	0	198	0	0	
510	0	0	510	0	0	510	0	0	510	0	0	510	0	0	
402	0	0	402	0	0	402	0	0	402	0	0	402	0	0	
504	0	0	504	0	0	504	0	0	504	0	0	504	0	0	
246	0	0	246	0	0	246	0	0	246	0	0	246	0	0	
120	0	0	120	0	0	120	0	0	120	0	0	120	0	0	
480	0	0	480	0	0	480	0	0	480	0	0	480	0	0	
354	0	0	354	0	0	354	0	0	354	0	0	354	0	0	
84	0	0	84	0	0	84	0	0	84	0	0	84	0	0	
570	0	0	570	0	0	570	0	0	570	0	0	570	0	0	
156	0	0	156	0	0	156	0	0	156	0	0	156	0	0	
498	0	0	498	0	0	498	0	0	498	0	0	498	0	0	
348	0	0	348	0	0	348	0	0	348	0	0	348	0	0	
72	0	0	72	0	0	72	0	0	72	0	0	72	0	0	
372	0	0	372	0	0	372	0	0	372	0	0	372	0	0	
216	0	0	216	0	0	216	0	0	216	0	0	216	0	0	
210	0	0	210	0	0	210	0	0	210	0	0	210	0	0	
546	0	0	546	0	0	546	0	0	546	0	0	546	0	0	
258	0	0	258	0	0	258	0	0	258	0	0	258	0	0	
366	0	0	366	0	0	366	0	0	366	0	0	366	0	0	
180	0	0	180	0	0	180	0	0	180	0	0	180	0	0	
282	0	0	282	0	0	282	0	0	282	0	0	282	0	0	
450	0	0	450	0	0	450	0	0	450	0	0	450	0	0	
294	0	0	294	0	0	294	0	0	294	0	0	294	0	0	
228	0	0	228	0	0	228	0	0	228	0	0	228	0	0	
174	0	0	174	0	0	174	0	0	174	0	0	174	0	0	
282	0	0	282	0	0	282	0	0	282	0	0	282	0	0	
180	0	0	180	0	0	180	0	0	180	0	0	180	0	0	
228	0	0	228	0	0	228	0	0	228	0	0	228	0	0	
102	0	0	102	0	0	102	0	0	102	0	0	102	0	0	
138	0	0	138	0	0	138	0	0	138	0	0	138	0	0	
498	0	0	498	0	0	498	0	0	498	0	0	498	0	0	
78	0	0	78	0	0	78	0	0	78	0	0	78	0	0	
114	0	0	114	0	0	114	0	0	114	0	0	114	0	0	
306	0	0	306	0	0	306	0	0	306	0	0	306	0	0	
186	0	0	186	0	0	186	0	0	186	0	0	186	0	0	
156	0	0	156	0	0	156	0	0	156	0	0	156	0	0	
336	0	0	336	0	0	336	0	0	336	0	0	336	0	0	
582	0	0	582	0	0	582	0	0	582	0	0	582	0	0	
114	0	0	114	0	0	114	0	0	114	0	0	114	0	0	
282	0	0	282	0	0	282	0	0	282	0	0	282	0	0	
198	0	0	198	0	0	198	0	0	198	0	0	198	0	0	
246	0	0	246	0	0	246	0	0	246	0	0	246	0	0	
312	0	0	312	0	0	312	0	0	312	0	0	312	0	0	
276	0	0	276	0	0	276	0	0	276	0	0	276	0	0	
402	0	0	402	0	0	402	0	0	402	0	0	402	0	0	
450	0	0	450	0	0	450	0	0	450	0	0	450	0	0	
420	0	0	420	0	0	420	0	0	420	0	0	420	0	0	
516	0	0	516	0	0	516	0	0	516	0	0	516	0	0	
270	0	0	270	0	0	270	0	0	270	0	0	270	0	0	
546	0	0	546	0	0	546	0	0	546	0	0	546	0	0	
180	0	0	180	0	0	180	0	0	180	0	0	180	0	0	
66	0	0	66	0	0	66	0	0	66	0	0	66	0	0	
246	0	0	246	0	0	246	0	0	246	0	0	246	0	0	
192	0	0	192	0	0	192	0	0	192	0	0	192	0	0	
90	0	0	90	0	0	90	0	0	90	0	0	90	0	0	
546	0	0	546	0	0	546	0	0	546	0	0	546	0	0	
Forward storage demand rate per item and per period
20	25	12	17	20	8	20	21	24	19	8	3	16	21	24	
98	142	116	118	108	121	115	153	68	114	67	48	149	55	69	
67	50	60	81	35	81	20	109	116	54	92	52	91	88	112	
30	28	32	23	44	27	24	20	13	35	33	45	9	17	38	
11	7	4	3	17	8	18	11	15	12	10	5	14	11	10	
29	35	18	23	44	34	41	15	29	17	21	45	13	10	17	
54	42	49	93	72	48	36	98	85	15	58	36	53	48	78	
99	80	90	139	98	124	174	71	174	151	60	93	23	24	47	
87	114	70	46	88	97	11	108	83	88	63	40	77	103	102	
24	4	26	29	33	33	34	16	11	34	18	20	25	40	21	
47	31	21	32	82	50	53	43	33	29	31	59	54	72	14	
53	69	42	31	34	76	81	77	44	69	46	48	77	64	63	
56	71	50	53	31	68	55	42	63	25	94	58	67	32	30	
99	98	146	166	25	72	100	115	101	150	89	139	20	55	12	
19	20	18	25	22	18	27	6	16	35	6	28	25	6	5	
98	23	80	34	83	39	49	87	87	64	71	170	97	91	84	
38	30	52	13	68	32	54	26	8	28	33	36	34	70	26	
56	22	27	59	59	26	81	43	31	74	93	38	86	34	55	
42	45	54	72	62	75	29	44	15	59	30	58	34	42	20	
60	102	68	72	40	57	47	58	63	81	22	55	39	14	77	
54	96	45	72	96	52	31	32	78	65	84	84	77	36	84	
11	13	12	10	12	14	13	12	17	16	6	9	9	9	8	
95	94	77	68	75	176	46	104	120	87	16	100	154	58	67	
44	24	59	5	39	10	55	19	43	28	4	35	29	57	35	
89	75	63	70	25	125	41	105	171	56	94	68	126	130	38	
41	55	63	44	44	45	51	48	68	13	38	61	63	25	56	
46	49	12	18	67	42	46	80	37	67	72	36	38	27	39	
37	38	27	39	66	46	12	54	46	45	31	59	13	33	50	
84	12	110	136	66	113	88	133	89	42	129	112	86	90	66	
99	94	97	61	111	38	96	22	108	71	36	65	126	109	114	
98	41	78	89	97	73	88	48	76	25	83	135	60	94	66	
28	16	17	15	41	16	31	37	27	28	27	46	22	11	20	
73	58	114	26	66	36	77	72	102	83	45	82	40	35	79	
73	72	69	80	60	99	66	31	110	16	55	77	127	138	94	
58	88	77	54	97	30	58	66	72	7	52	70	54	36	55	
56	95	79	56	77	54	23	32	15	58	10	30	55	86	25	
41	25	32	6	10	67	66	52	35	66	74	41	33	1	40	
98	152	96	93	61	54	108	89	46	83	115	94	151	85	47	
66	56	69	26	33	33	54	74	70	57	62	99	76	8	58	
70	86	68	51	127	57	92	52	41	87	72	80	82	93	50	
55	53	61	42	32	46	58	58	91	39	64	53	81	26	76	
12	11	9	12	14	12	11	10	11	12	19	0	16	3	9	
73	115	117	63	43	40	50	48	113	30	100	129	100	73	62	
40	8	63	21	45	30	22	17	53	58	33	48	41	53	60	
95	71	67	30	129	73	139	148	96	85	76	121	44	79	76	
93	101	107	36	150	64	89	107	21	83	112	33	148	9	58	
47	69	61	58	54	62	38	41	54	77	52	49	38	59	21	
26	48	46	31	21	30	36	31	35	29	28	8	30	44	32	
70	31	87	59	94	76	93	99	36	28	91	10	38	32	56	
90	44	62	48	49	137	67	117	134	85	55	66	115	138	92	
24	35	31	8	32	22	33	18	12	16	22	3	26	29	24	
29	37	25	17	8	34	33	23	34	28	9	28	19	16	31	
99	113	65	92	102	151	33	120	106	102	118	49	111	73	114	
35	16	40	20	10	45	22	45	25	63	7	6	26	33	46	
82	149	77	91	94	28	60	83	54	55	37	69	77	97	96	
84	131	55	56	76	99	93	105	76	35	22	13	83	93	24	
12	12	4	11	8	4	9	13	14	12	7	11	11	14	12	
13	14	22	24	11	12	14	7	16	10	9	21	14	13	16	
92	64	167	144	99	73	30	111	100	113	149	46	85	57	43	
81	74	89	82	80	76	72	135	76	73	102	124	115	101	116	
75	94	95	45	52	119	83	78	141	37	41	43	106	83	62	
87	111	94	67	41	74	26	68	93	94	121	143	134	91	124	
37	39	34	28	53	44	38	23	57	54	26	47	30	14	11	
99	150	111	166	116	43	113	121	94	45	59	109	110	104	113	
56	26	56	75	60	84	25	61	52	26	52	54	39	75	38	
40	45	50	29	39	39	52	26	44	68	41	40	35	51	38	
93	87	99	110	141	72	117	151	138	166	148	108	144	73	69	
74	123	68	110	101	123	60	62	83	125	7	111	50	61	92	
75	97	126	21	83	122	107	67	91	47	106	75	95	26	47	
27	25	31	40	18	35	6	25	28	16	14	14	21	19	47	
12	6	9	7	3	8	10	14	7	8	18	11	15	6	6	
45	43	26	35	36	45	46	61	17	50	11	84	24	47	35	
67	105	87	82	71	34	40	94	73	109	102	39	98	43	43	
14	8	9	8	16	14	26	8	15	25	14	16	20	14	3	
87	83	61	143	77	87	98	101	138	101	115	62	33	71	73	
51	53	48	46	43	93	67	60	53	26	41	46	49	79	42	
85	70	102	96	111	85	60	154	38	109	17	119	161	164	111	
78	30	105	114	57	87	118	130	79	96	65	48	82	107	100	
49	38	61	70	77	23	46	55	47	28	33	24	35	49	45	
74	83	71	103	84	111	77	96	60	76	86	57	120	72	103	
62	36	45	101	68	70	86	43	68	80	111	48	95	24	45	
31	17	45	40	18	27	44	27	28	18	43	51	28	35	26	
88	101	50	101	42	119	95	105	83	83	159	145	122	65	101	
10	14	11	12	12	3	11	15	6	12	19	5	10	10	8	
88	76	150	27	104	88	4	77	146	68	104	131	68	78	48	
48	50	59	45	48	79	72	58	66	41	71	31	66	76	31	
45	20	16	40	45	19	57	85	68	10	33	24	66	65	32	
92	130	70	54	54	72	102	77	109	76	68	81	131	131	38	
97	88	35	50	40	59	89	113	159	118	104	109	92	179	93	
43	30	44	42	40	3	62	16	78	63	16	26	62	22	60	
50	41	40	27	65	32	46	84	68	73	90	81	18	64	22	
12	19	13	16	7	3	10	1	11	7	17	22	18	10	6	
56	52	52	48	85	53	28	30	49	25	23	71	15	24	39	
33	36	5	36	15	12	53	29	43	39	27	14	37	37	22	
85	59	92	84	43	68	87	48	107	81	58	111	144	25	92	
67	61	52	89	77	112	83	58	64	83	79	81	63	101	61	
84	56	89	70	111	132	67	18	92	26	63	130	101	18	69	
41	57	47	53	14	58	22	66	10	27	39	15	37	24	14	
20	15	19	19	13	31	16	19	19	24	9	26	27	12	22	
80	77	42	47	70	31	91	89	116	77	112	85	83	99	106	
59	16	51	79	53	74	99	55	16	26	84	78	47	97	15	
14	16	14	22	10	19	16	16	18	9	16	9	14	6	16	
95	84	98	81	60	105	135	117	154	124	67	66	99	107	95	
26	27	30	11	25	30	36	36	41	7	5	27	21	33	43	
83	92	77	73	121	73	114	96	130	134	81	81	102	40	153	
58	80	31	25	84	95	67	75	35	49	15	88	82	71	20	
12	12	18	12	18	8	10	15	7	17	13	4	6	17	11	
62	20	59	44	40	73	65	37	49	100	64	116	14	27	51	
36	13	28	47	11	45	39	48	52	55	57	29	4	4	19	
35	49	25	26	39	30	26	47	1	42	33	37	62	13	56	
91	104	156	74	90	54	100	122	158	87	102	102	81	47	54	
43	31	19	59	25	32	55	41	31	41	47	78	52	52	7	
61	40	79	54	59	66	1	78	23	66	39	94	75	62	79	
30	15	23	45	40	25	47	33	4	20	31	11	20	23	40	
47	32	10	39	36	22	39	65	10	72	53	22	82	63	10	
75	43	69	92	65	102	54	46	112	44	77	17	35	26	94	
49	11	54	43	59	8	25	57	34	29	23	61	58	61	48	
38	27	40	9	52	15	9	67	50	22	17	27	24	44	70	
29	40	30	31	28	27	30	8	5	40	41	41	13	37	34	
47	77	24	41	28	24	46	59	13	44	39	78	32	43	46	
30	41	41	17	46	35	33	1	7	39	23	25	29	25	18	
38	50	21	55	27	24	48	1	26	24	24	11	47	34	28	
17	28	13	25	10	1	17	9	12	5	6	3	15	14	23	
23	35	16	25	17	27	19	35	27	10	10	27	8	10	1	
83	99	62	131	77	112	96	32	102	131	85	80	84	81	80	
13	14	20	9	11	3	13	19	11	7	14	11	5	10	18	
19	10	10	7	24	19	30	11	25	7	11	13	33	23	12	
51	53	46	32	83	30	78	38	33	35	33	56	56	26	41	
31	6	34	45	6	28	52	41	35	28	46	37	7	58	34	
26	11	45	25	18	32	7	11	49	15	34	29	35	9	24	
56	79	39	17	29	35	68	14	66	66	45	38	70	54	18	
97	137	113	68	120	152	142	60	99	108	100	104	113	58	75	
19	18	34	26	21	32	22	31	8	21	1	12	17	21	16	
47	47	73	12	63	28	29	24	86	19	70	58	26	67	39	
33	43	48	31	22	34	31	27	34	45	22	30	16	23	22	
41	62	51	60	63	8	71	46	70	39	36	54	47	18	14	
52	24	92	37	10	50	20	38	32	35	90	69	37	31	33	
46	47	2	74	4	73	29	73	2	75	50	43	40	64	78	
67	90	38	104	70	78	65	82	73	83	109	39	51	32	13	
75	30	127	35	89	94	35	7	58	87	39	86	79	42	91	
70	110	9	56	67	86	48	113	56	107	42	95	101	59	68	
86	69	91	105	121	74	50	116	70	55	68	84	78	108	140	
45	76	11	13	60	54	67	46	43	26	49	62	28	18	48	
91	102	14	43	63	151	90	149	90	106	35	159	41	41	145	
30	33	16	13	47	45	12	11	19	40	6	7	41	30	46	
11	10	4	11	16	6	2	9	14	16	12	12	11	14	11	
41	25	39	35	12	46	34	8	32	29	46	30	27	23	37	
32	39	36	43	17	30	52	16	21	21	28	35	36	23	47	
15	26	22	11	5	9	15	14	15	4	18	24	16	21	22	
91	114	21	90	123	130	147	75	82	84	21	143	115	100	17	
Distance matrix
0	51.5	27	43.5	37.5	38	88.5	44.5	45.5	54.5	43	77.5	64	69.5	18.5	66.5	36.5	58.5	35	85	16	22	20.5	60	49	42.5	90.5	84.5	60.5	85	77.5	75	38.5	24	75.5	20.5	52.5	40	56	44	42	20	72.5	44.5	48	49.5	82.5	89	48.5	79.5	99.5	45	40	28	74	73	18.5	39	79	86	32.5	44.5	36	57	39	64.5	71.5	34.5	69	36	31	93.5	87	24.5	67	38.5	92.5	49	60	92.5	48	59	72.5	38.5	50	45.5	59.5	69	76	65	83.5	29.5	36.5	44	80.5	56.5	66.5	68	62	42.5	84	18.5	46	39	64.5	59.5	39	56.5	33.5	92.5	34	39	76.5	27	42.5	55.5	48.5	84	9.5	6	73.5	47	43.5	56	56	73.5	49.5	63	19	32.5	13	19	12.5	85	75.5	76.5	10.5	39	72	34	3.5	23	16	18.5	31	53	29	34	67.5	44.5	47	
51.5	0	56.5	30	46	45.5	65	39	38	3	40.5	54	40.5	46	65	43	47	35	26.5	61.5	47.5	53.5	37	28.5	25.5	41	63	59	37	53.5	46	23.5	45	45.5	48	57	31	21.5	27.5	39.5	41.5	61.5	41	39	24.5	34	31	59.5	35	54	54	36.5	31.5	55.5	24.5	45.5	35	20.5	49.5	52.5	39	39	47.5	33.5	44.5	13	22	21	39.5	37.5	52.5	50	41.5	41	41.5	45	51	25.5	23.5	61	24.5	29.5	31	25	33.5	22	36	29.5	32.5	41.5	60	54	47	20.5	33	33	15	44.5	36.5	39	54.5	35	22.5	20.5	29	24	44.5	27	50	51	35.5	30.5	53	56.5	41	32	35	60.5	56	57.5	50	36.5	8	32.5	32.5	50	26	25.5	60.5	29	44.5	60.5	49	43.5	52	27	57	44.5	48.5	35.5	50	60.5	47.5	35	52.5	29.5	54.5	49.5	44	39	36.5	
27	56.5	0	54.5	10.5	35	89.5	33.5	42.5	53.5	40	94.5	81	86.5	24.5	81.5	31.5	75.5	52	88	33	31	37.5	53	64	25.5	87.5	83.5	67.5	78	70.5	48	29.5	39	72.5	27.5	35.5	57	47	19	21	7	65.5	33.5	65	28.5	55.5	84	49.5	78.5	78.5	48	53	1	49	70	35.5	56	74	77	45.5	23.5	17	66	24	43.5	46.5	51.5	64	47	22	74.5	66	41.5	66	29.5	75.5	64	33	85.5	65	54	55.5	55.5	23	62.5	76.5	54	57	68	84.5	28.5	31.5	61	57.5	73.5	41.5	75	61	45.5	79	35.5	63	56	53.5	38.5	14	41.5	24.5	75.5	49	54	81.5	16	25.5	62.5	49.5	89	31.5	33	90.5	36	60.5	67	67	74.5	66.5	50	8	49.5	30	8	29.5	68	82.5	51.5	32.5	34	89	49	25.5	20	33	35.5	32	70	24	7	84.5	43.5	36	
43.5	30	54.5	0	44	41.5	67	37	34	33	36.5	56	42.5	48	57	45	45	37	18.5	63.5	39.5	45.5	29	36.5	27.5	39	69	63	39	61.5	54	31.5	43	37.5	54	49	29	18.5	30.5	37.5	39.5	53.5	49	37	26.5	32	39	67.5	5	58	62	28.5	23.5	53.5	32.5	51.5	27	17.5	57.5	60.5	31	37	45.5	35.5	42.5	27	30	9	47.5	29.5	50.5	58	49.5	33	45.5	43	59	27.5	21.5	69	26.5	37.5	39	5	31.5	24	38	37.5	40.5	43.5	62	48	45	22.5	41	35	25	46.5	40.5	31	62.5	27	24.5	17.5	37	16	42.5	13	48	59	27.5	22.5	55	54.5	39	34	5	62.5	48	49.5	52	34.5	22	34.5	34.5	52	28	33.5	52.5	21	36.5	52.5	41	51.5	54	35	49	42.5	50.5	27.5	42	58.5	39.5	27	44.5	31.5	52.5	47.5	46	33	34.5	
37.5	46	10.5	44	0	24.5	79	23	32	43	29.5	90	78.5	88	19	71	21	69	47.5	77.5	26.5	20.5	37	42.5	53.5	15	77	73	57	67.5	60	37.5	19	28.5	62	17	25	52.5	36.5	8.5	10.5	17.5	55	23	54.5	18	45	73.5	39	68	68	37.5	42.5	9.5	38.5	59.5	39	53.5	63.5	66.5	35	13	6.5	55.5	13.5	33	36	53	53.5	36.5	11.5	64	55.5	33	55.5	19	65	53.5	22.5	75	54.5	43.5	45	49	12.5	62	78	43.5	46.5	57.5	74	18	21	58.5	47	71	31	64.5	50.5	35	68.5	39	56.5	53.5	43	28	3.5	31	14	65	38.5	43.5	71	10.5	15	52	39	78.5	28	31.5	84	25.5	54	56.5	56.5	64	58	39.5	18.5	45	29.5	18.5	25	57.5	72	41	27	23.5	90.5	38.5	34	14.5	26.5	39	21.5	69.5	13.5	3.5	80	33	25.5	
38	45.5	35	41.5	24.5	0	78.5	22.5	31.5	42.5	29	75.5	62	67.5	43.5	64.5	25.5	56.5	33	77	34	40	23.5	42	47	19.5	76.5	72.5	56.5	67	59.5	37	23.5	32	61.5	41.5	24.5	38	36	18	20	42	54.5	22.5	46	17.5	44.5	73	38.5	67.5	67.5	37	38	34	38	59	21.5	37	63	66	30.5	17.5	26	55	23	32.5	35.5	32.5	53	34	31	63.5	55	27.5	55	23.5	64.5	47	22	74.5	46	43	44.5	36.5	12	43.5	57.5	43	46	57	73.5	32.5	25.5	42	46.5	54.5	30.5	64	50	34.5	68	21.5	44	37	42.5	27.5	23	30.5	28.5	64.5	32	37	70.5	35	19.5	51.5	38.5	78	42.5	44	71.5	25	41.5	54	54	63.5	47.5	39	43	30.5	31	43	35.5	57	71.5	40.5	43.5	1	70	32	36.5	39	34	21.5	31	51	33	28	65.5	32.5	25	
88.5	65	89.5	67	79	78.5	0	72	71	62	73.5	11	32.5	23	98	40	80	42	63.5	31.5	84.5	90.5	74	56.5	57.5	74	2	32	54	31.5	39	41.5	78	82.5	41	94	64	58.5	60.5	72.5	74.5	96.5	44	72	56.5	67	34	27.5	68	37	11	71.5	68.5	88.5	42.5	43.5	72	57.5	37.5	30.5	76	72	80.5	55.5	77.5	52	45	58	47.5	74.5	85.5	23	29.5	78	49.5	78	24	57.5	56.5	4	56.5	57.5	44	62	66.5	49	33	47.5	40.5	51.5	33	87	80	52.5	36	40	50	46.5	54.5	74	32.5	72	54.5	57.5	52	57	77.5	60	83	24	72.5	67.5	40	89.5	74	59	68	32.5	93	94.5	27	69.5	57	54.5	54.5	43	53	53.5	97.5	66	81.5	97.5	86	31.5	39	40	94	77.5	20.5	72.5	87	93.5	84.5	72	85.5	41.5	87.5	82.5	31	72	69.5	
44.5	39	33.5	37	23	22.5	72	0	25	36	22.5	77	63.5	69	42	64	24	58	34.5	70.5	40.5	38.5	30	35.5	46.5	18	70	66	50	60.5	53	30.5	22	36.5	55	40	18	39.5	29.5	16.5	18.5	40.5	48	0	47.5	5	38	66.5	32	61	61	30.5	35.5	32.5	31.5	52.5	28	38.5	56.5	59.5	12	16	24.5	48.5	21.5	26	29	34	46.5	29.5	29.5	57	48.5	34	48.5	22	58	46.5	15.5	68	47.5	36.5	38	38	10.5	45	59	36.5	39.5	50.5	67	31	24	43.5	40	56	24	57.5	43.5	28	61.5	28	45.5	38.5	36	21	21.5	24	27	58	31.5	36.5	64	33.5	18	45	32	71.5	49	50.5	73	18.5	43	49.5	49.5	57	49	32.5	41.5	32	37.5	41.5	42	50.5	65	34	50	21.5	71.5	31.5	43	37.5	40.5	28	29.5	52.5	31.5	26.5	67	26	18.5	
45.5	38	42.5	34	32	31.5	71	25	0	35	26.5	68	54.5	60	51	57	33	49	25.5	69.5	41.5	47.5	31	34.5	39.5	27	69	65	49	59.5	52	29.5	31	39.5	54	49	7	30.5	28.5	25.5	27.5	49.5	47	25	38.5	20	37	65.5	31	60	60	29.5	30.5	41.5	30.5	51.5	29	29.5	55.5	58.5	33	25	33.5	47.5	30.5	25	28	25	45.5	31.5	38.5	56	47.5	35	47.5	31	57	39.5	14.5	67	38.5	35.5	37	29	19.5	36	50	35.5	38.5	49.5	66	40	33	34.5	39	47	23	56.5	42.5	3	60.5	29	36.5	29.5	35	20	30.5	23	36	57	29.5	29.5	63	42.5	27	44	31	70.5	50	51.5	64	22.5	34	46.5	46.5	56	40	31.5	50.5	13	38.5	50.5	43	49.5	64	33	51	30.5	62.5	29.5	44	46.5	41.5	29	38.5	43.5	40.5	35.5	58	1	22.5	
54.5	3	53.5	33	43	42.5	62	36	35	0	37.5	57	43.5	49	62	46	44	38	29.5	60.5	50.5	56.5	40	25.5	28.5	38	60	56	40	50.5	43	20.5	42	48.5	45	60	28	24.5	24.5	36.5	38.5	60.5	38	36	27.5	31	28	56.5	32	51	51	35.5	34.5	52.5	21.5	42.5	38	23.5	46.5	49.5	42	36	44.5	36.5	41.5	10	19	24	36.5	40.5	49.5	47	38.5	44	38.5	42	48	28.5	20.5	58	27.5	26.5	28	28	30.5	25	39	26.5	29.5	40.5	57	51	44	23.5	30	36	12	47.5	33.5	38	51.5	38	25.5	23.5	26	21	41.5	24	47	48	38.5	33.5	54	53.5	38	35	32	61.5	59	60.5	53	33.5	11	35.5	35.5	47	29	22.5	61.5	32	47.5	61.5	52	40.5	55	24	60	41.5	51.5	38.5	53	57.5	50.5	38	49.5	32.5	51.5	46.5	47	36	33.5	
43	40.5	40	36.5	29.5	29	73.5	22.5	26.5	37.5	0	70.5	57	62.5	48.5	59.5	30.5	51.5	28	72	39	45	28.5	37	42	24.5	71.5	67.5	51.5	62	54.5	32	28.5	37	56.5	46.5	19.5	33	31	23	25	47	49.5	22.5	41	17.5	39.5	68	33.5	62.5	62.5	32	33	39	33	54	26.5	32	58	61	30.5	22.5	31	50	28	27.5	30.5	27.5	48	7	36	58.5	50	32.5	50	28.5	59.5	42	17	69.5	41	38	39.5	31.5	17	38.5	52.5	38	41	52	68.5	37.5	30.5	37	41.5	49.5	25.5	59	45	29.5	63	26.5	39	32	37.5	22.5	28	25.5	33.5	59.5	9	32	65.5	40	24.5	46.5	33.5	73	47.5	49	66.5	4	36.5	49	49	58.5	42.5	34	48	25.5	36	48	40.5	52	66.5	35.5	48.5	28	65	9	41.5	44	39	26.5	36	46	38	33	60.5	27.5	4	
77.5	54	94.5	56	90	75.5	11	77	68	57	70.5	0	21.5	12	91	29	79	31	52.5	22.5	73.5	79.5	63	57.5	46.5	85	13	27	43	32.5	40	52.5	81	71.5	38	83	75	47.5	63.5	83.5	85.5	87.5	45	77	45.5	78	45	26.5	61	32	22	62.5	57.5	95.5	53.5	40.5	61	46.5	36.5	33.5	65	83	91.5	44.5	86.5	63	56	47	46.5	63.5	88.5	34	40.5	67	44.5	81	35	46.5	67.5	15	45.5	56.5	55	51	77.5	38	22	56.5	51.5	42.5	26	82	79	41.5	47	29	61	35.5	49.5	65	31.5	61	43.5	46.5	57	68	88.5	69	86	35	61.5	56.5	29	100.5	85	48	61	21.5	82	83.5	16	74.5	46	43.5	43.5	36	42	60.5	86.5	55	70.5	86.5	75	42.5	28	51	83	76.5	9.5	61.5	76	100.5	73.5	61	78.5	30.5	86.5	93.5	20	67	74.5	
64	40.5	81	42.5	78.5	62	32.5	63.5	54.5	43.5	57	21.5	0	13.5	77.5	15.5	65.5	17.5	39	29	60	66	49.5	44	33	71.5	34.5	28.5	29.5	29	26.5	41	67.5	58	24.5	69.5	61.5	34	50	72	74	74	31.5	63.5	32	66.5	33.5	33	47.5	23.5	41.5	49	44	82	42	27	47.5	33	15	30	51.5	71.5	80	31	73	51.5	44.5	33.5	33	50	75	37.5	23	53.5	31	67.5	36.5	33	56	36.5	32	43	41.5	37.5	66	24.5	8.5	43	40	29	27.5	68.5	65.5	28	35.5	15.5	49.5	22	36	51.5	28	47.5	30	33	43.5	56.5	77	55.5	72.5	36.5	48	43	20.5	89	71.5	34.5	47.5	28	68.5	70	17.5	61	32.5	30	30	22.5	28.5	47	73	41.5	57	73	61.5	21	19.5	39.5	69.5	63	16	48	62.5	87	60	47.5	65	17	73	82	11.5	53.5	61	
69.5	46	86.5	48	88	67.5	23	69	60	49	62.5	12	13.5	0	83	21	71	23	44.5	19.5	65.5	71.5	55	49.5	38.5	77	25	15	35	24.5	32	50.5	73	63.5	30	75	67	39.5	55.5	81.5	81.5	79.5	37	69	37.5	74	43	23.5	53	24	34	54.5	49.5	87.5	51.5	32.5	53	38.5	28.5	25.5	57	79	85.5	36.5	78.5	59	54	39	38.5	55.5	80.5	24	36.5	59	36.5	73	23	38.5	65.5	27	37.5	48.5	47	43	75.5	30	14	48.5	45.5	34.5	14	74	71	33.5	45	21	59	27.5	41.5	57	23.5	53	35.5	38.5	49	64	86.5	61	78	23	53.5	48.5	21	96.5	77	40	53	18.5	74	75.5	4	66.5	38	35.5	35.5	28	34	52.5	78.5	47	62.5	78.5	67	34.5	20	49	75	68.5	6.5	53.5	68	92.5	65.5	53	70.5	22.5	78.5	91.5	12	59	66.5	
18.5	65	24.5	57	19	43.5	98	42	51	62	48.5	91	77.5	83	0	80	40	72	48.5	96.5	29.5	35.5	34	61.5	62.5	34	96	92	74	86.5	79	56.5	38	37.5	81	34	44	53.5	55.5	27.5	29.5	31.5	74	42	61.5	37	64	92.5	58	87	87	56.5	53.5	23.5	57.5	78.5	32	52.5	82.5	85.5	46	32	25.5	70.5	32.5	52	55	48	72.5	49.5	30.5	83	74.5	38	74.5	38	84	62.5	41.5	94	61.5	62.5	64	52	31.5	59	73	62.5	65.5	76.5	93	37	40	57.5	66	70	50	81.5	69.5	54	87.5	32	59.5	52.5	62	47	22.5	50	33	84	47.5	52.5	90	19.5	34	69	58	97.5	9	24.5	87	44.5	57	69.5	69.5	83	63	58.5	32.5	46	26.5	32.5	26	76.5	89	60	8	42.5	85.5	47.5	15	23.5	29.5	32	40.5	66.5	32.5	17.5	81	52	44.5	
66.5	43	81.5	45	71	64.5	40	64	57	46	59.5	29	15.5	21	80	0	68	20	41.5	36.5	62.5	68.5	52	46.5	35.5	66	42	36	32	36.5	11	33.5	70	60.5	9	72	56	36.5	52.5	64.5	66.5	76.5	34	64	34.5	59	26	40.5	50	31	39	51.5	46.5	80.5	34.5	29.5	50	35.5	30.5	37.5	54	64	72.5	33.5	69.5	44	37	36	35.5	52.5	77.5	35	26.5	56	33.5	70	36	35.5	48.5	44	34.5	45.5	36	40	58.5	27	7	39.5	32.5	31.5	35	71	68	30.5	28	18	42	24.5	38.5	54	35.5	50	32.5	35.5	44	49	69.5	52	75	36	50.5	45.5	28	81.5	66	37	50	35.5	71	72.5	25	61.5	35	32.5	32.5	7	31	45.5	75.5	44	59.5	75.5	64	28.5	27	32	72	65.5	23.5	50.5	65	85.5	62.5	50	67.5	19.5	75.5	74.5	19	56	61.5	
36.5	47	31.5	45	21	25.5	80	24	33	44	30.5	79	65.5	71	40	68	0	60	36.5	78.5	32.5	36.5	16	43.5	50.5	6	78	74	58	68.5	61	38.5	2	30.5	63	38	26	41.5	37.5	14.5	16.5	38.5	56	24	49.5	19	46	74.5	40	69	69	38.5	41.5	30.5	39.5	60.5	18	40.5	64.5	67.5	34	8	22.5	56.5	19.5	34	37	36	54.5	37.5	27.5	65	56.5	12	56.5	2	66	50.5	23.5	76	49.5	44.5	46	40	13.5	47	61	44.5	47.5	58.5	75	29	0	45.5	48	58	32	65.5	51.5	36	69.5	18	47.5	40.5	44	29	19.5	32	25	66	35.5	40.5	72	31.5	6	53	40	79.5	41	42.5	75	26.5	45	57.5	57.5	65	51	40.5	39.5	34	29.5	39.5	34	58.5	73	42	42	24.5	73.5	35.5	35	35.5	32.5	18	27.5	54.5	29.5	24.5	69	34	26.5	
58.5	35	75.5	37	69	56.5	42	58	49	38	51.5	31	17.5	23	72	20	60	0	33.5	38.5	54.5	60.5	44	38.5	27.5	64	44	38	24	38.5	31	31.5	62	52.5	29	64	54	28.5	44.5	62.5	64.5	68.5	14	58	26.5	57	24	42.5	42	33	47	43.5	38.5	76.5	32.5	26.5	42	27.5	32.5	39.5	46	62	70.5	25.5	67.5	42	35	28	27.5	44.5	69.5	43	34.5	48	25.5	62	44	27.5	46.5	46	26.5	37.5	34	32	56.5	19	13	37.5	30.5	23.5	37	63	60	22.5	22	2	40	21.5	30.5	46	37.5	42	24.5	27.5	38	47	67.5	50	67	44	42.5	37.5	30	79.5	64	29	42	37.5	63	64.5	27	55.5	27	24.5	24.5	27	23	41.5	67.5	36	51.5	67.5	56	36.5	29	30	64	57.5	25.5	42.5	57	81.5	54.5	42	59.5	11.5	67.5	72.5	21	48	55.5	
35	26.5	52	18.5	47.5	33	63.5	34.5	25.5	29.5	28	52.5	39	44.5	48.5	41.5	36.5	33.5	0	60	31	37	20.5	35	24	42.5	65.5	59.5	35.5	60	52.5	40	38.5	29	50.5	40.5	32.5	15	31	41	43	45	47.5	34.5	23	35.5	47.5	64	23.5	54.5	70.5	10	5	53	41	48	18.5	14	54	61	22.5	40.5	49	32	44	35.5	38.5	9.5	44	21	46	66.5	58	24.5	42	38.5	67.5	24	25	67.5	23	34	47.5	13.5	35	20.5	34.5	44	49	40	58.5	39.5	36.5	19	49.5	31.5	33.5	43	37	22.5	59	18.5	21	14	39.5	30.5	46	31.5	43.5	67.5	19	4	51.5	58	42.5	30.5	23.5	59	39.5	41	48.5	32	18.5	31	31	48.5	24.5	38	44	12.5	28	44	32.5	60	50.5	43.5	40.5	34	47	19	33.5	58	31	18.5	36	28	44	51	42.5	24.5	32	
85	61.5	88	63.5	77.5	77	31.5	70.5	69.5	60.5	72	22.5	29	19.5	96.5	36.5	78.5	38.5	60	0	81	87	70.5	55	54	72.5	29.5	30.5	50.5	30	37.5	40	76.5	79	39.5	90.5	62.5	55	59	71	73	95	42.5	70.5	53	65.5	32.5	4	66.5	35.5	20.5	70	65	87	41	42	68.5	54	36	29	72.5	70.5	79	52	76	50.5	43.5	54.5	46	71	84	21.5	28	74.5	48	76.5	22.5	54	55	27.5	53	56	42.5	58.5	65	45.5	29.5	46	39	50	31.5	85.5	78.5	49	34.5	36.5	48.5	43	53	72.5	31	68.5	51	54	50.5	55.5	76	58.5	81.5	22.5	69	64	36.5	88	72.5	55.5	66.5	1	89.5	91	23.5	68	53.5	51	51	41.5	49.5	52	94	62.5	78	94	82.5	30	35.5	38.5	90.5	76	13	69	83.5	92	81	68.5	84	38	86	81	27.5	70.5	68	
16	47.5	33	39.5	26.5	34	84.5	40.5	41.5	50.5	39	73.5	60	65.5	29.5	62.5	32.5	54.5	31	81	0	6	16.5	56	45	36.5	86.5	80.5	56.5	81	73.5	59	34.5	20	71.5	21.5	46.5	36	52	30	32	26	68.5	40.5	44	39.5	66.5	85	44.5	75.5	89.5	41	36	34	60	69	14.5	35	75	82	28.5	34.5	20	53	35	54.5	57.5	30.5	65	32	15	85.5	77	20.5	63	34.5	86.5	45	44	88.5	44	55	66.5	34.5	34	41.5	55.5	65	68	61	79.5	25.5	32.5	40	68.5	52.5	52.5	64	58	38.5	80	14.5	42	35	60.5	49.5	23	52.5	29.5	86.5	30	35	72.5	37	36.5	51.5	44.5	80	20.5	22	69.5	43	39.5	52	52	69.5	45.5	59	25	28.5	3	25	13.5	79	71.5	62.5	21.5	35	68	30	14.5	39	0	14.5	27	49	13	30	63.5	40.5	43	
22	53.5	31	45.5	20.5	40	90.5	38.5	47.5	56.5	45	79.5	66	71.5	35.5	68.5	36.5	60.5	37	87	6	0	22.5	58	51	30.5	92.5	86.5	62.5	83	75.5	53	34.5	26	77.5	27.5	40.5	42	52	24	26	32	70.5	38.5	50	33.5	60.5	89	50.5	81.5	83.5	47	42	30	54	75	20.5	41	79	82	34.5	28.5	14	59	29	48.5	51.5	36.5	69	38	9	79.5	71	26.5	69	34.5	80.5	51	38	90.5	50	59	60.5	40.5	28	47.5	61.5	59	62	67	85.5	31.5	36.5	46	62.5	58.5	46.5	70	64	44.5	84	20.5	48	41	58.5	43.5	17	46.5	29.5	80.5	36	41	78.5	31	30.5	57.5	50.5	86	26.5	28	75.5	41	45.5	58	58	75.5	51.5	55	31	34.5	9	31	19.5	73	77.5	56.5	27.5	39	74	36	20.5	35	6	20.5	33	55	7	24	69.5	46.5	41	
20.5	37	37.5	29	37	23.5	74	30	31	40	28.5	63	49.5	55	34	52	16	44	20.5	70.5	16.5	22.5	0	45.5	34.5	22	76	70	46	70.5	63	54.5	18	14.5	61	26	38	25.5	41.5	30.5	32.5	30.5	58	30	33.5	35	62	74.5	34	65	85	30.5	25.5	38.5	55.5	58.5	2	24.5	64.5	71.5	18	24	36.5	42.5	29.5	50	53	20	54.5	21.5	31.5	79	72.5	4	52.5	18	78	34.5	39.5	78	33.5	44.5	58	24	29.5	31	45	54.5	61.5	50.5	69	25	16	29.5	64	42	48	53.5	47.5	28	69.5	2	31.5	24.5	50	45	35.5	42	29	78	19.5	24.5	62	47.5	22	41	34	69.5	25	26.5	59	32.5	29	41.5	41.5	59	35	48.5	29.5	18	13.5	29.5	18	70.5	61	58	26	24.5	57.5	19.5	19	43.5	16.5	2	21.5	38.5	29.5	40.5	53	30	32.5	
60	28.5	53	36.5	42.5	42	56.5	35.5	34.5	25.5	37	57.5	44	49.5	61.5	46.5	43.5	38.5	35	55	56	58	45.5	0	11	37.5	54.5	50.5	34.5	45	37.5	15	41.5	54	39.5	59.5	27.5	30	24	36	38	60	32.5	35.5	12	30.5	22.5	51	31.5	45.5	45.5	35	40	52	16	37	43.5	29	41	44	47.5	35.5	44	33	41	15.5	13.5	29.5	31	44	49	41.5	33	49.5	33	41.5	42.5	11	20	52.5	12	1	22.5	33.5	30	25.5	39.5	21	24	35	51.5	50.5	43.5	16	24.5	36.5	13.5	42	28	37.5	46	43.5	14	29	20.5	20.5	41	23.5	46.5	42.5	44	39	48.5	53	37.5	29.5	31.5	56	64.5	66	53.5	33	28.5	34	34	41.5	29.5	3	61	37.5	53	61	57.5	35	49.5	18.5	65.5	41	52	44	58.5	57	56	43.5	49	33	51	46	47.5	35.5	33	
49	25.5	64	27.5	53.5	47	57.5	46.5	39.5	28.5	42	46.5	33	38.5	62.5	35.5	50.5	27.5	24	54	45	51	34.5	11	0	48.5	59.5	53.5	29.5	54	46.5	26	52.5	43	44.5	54.5	38.5	19	35	47	49	59	41.5	46.5	1	41.5	33.5	58	32.5	48.5	56.5	34	29	63	27	42	32.5	18	48	55	36.5	46.5	55	26	52	26.5	24.5	18.5	38	35	60	52.5	44	38.5	36	52.5	53.5	0	31	61.5	1	10	33.5	22.5	41	14.5	28.5	32	35	34	52.5	53.5	50.5	5	35.5	25.5	24.5	37	31	36.5	53	32.5	3	18	31.5	31.5	52	34.5	57.5	53.5	33	28	45.5	64	48.5	24.5	32.5	53	53.5	55	42.5	44	17.5	25	25	42.5	18.5	14	58	26.5	42	58	46.5	46	44.5	29.5	54.5	48	41	33	47.5	68	45	32.5	50	22	58	57	36.5	38.5	44	
42.5	41	25.5	39	15	19.5	74	18	27	38	24.5	85	71.5	77	34	66	6	64	42.5	72.5	36.5	30.5	22	37.5	48.5	0	72	68	52	62.5	55	32.5	4	28.5	57	32	20	47.5	31.5	8.5	10.5	32.5	50	18	49.5	13	40	68.5	34	63	63	32.5	37.5	24.5	33.5	54.5	24	46.5	58.5	61.5	30	2	16.5	50.5	13.5	28	31	42	48.5	31.5	21.5	59	50.5	18	50.5	4	60	48.5	17.5	70	49.5	38.5	40	44	7.5	53	67	38.5	41.5	52.5	69	23	6	51.5	42	64	26	59.5	45.5	30	63.5	24	51.5	46.5	38	23	13.5	26	19	60	33.5	38.5	66	25.5	0	47	34	73.5	43	46.5	79	20.5	49	51.5	51.5	59	53	34.5	33.5	40	35.5	33.5	40	52.5	67	36	42	18.5	79.5	33.5	41	29.5	36.5	24	21.5	60.5	23.5	18.5	75	28	20.5	
90.5	63	87.5	69	77	76.5	2	70	69	60	71.5	13	34.5	25	96	42	78	44	65.5	29.5	86.5	92.5	76	54.5	59.5	72	0	30	54	29.5	37	39.5	76	84.5	39	94	62	60.5	58.5	70.5	72.5	94.5	42	70	58.5	65	32	25.5	66	35	9	69.5	70.5	86.5	40.5	41.5	74	59.5	35.5	28.5	78	70	78.5	57.5	75.5	50	43	60	45.5	76.5	83.5	21	27.5	80	47.5	76	22	59.5	54.5	2	58.5	55.5	42	64	64.5	51	35	45.5	38.5	49.5	31	85	78	54.5	34	42	48	46.5	52.5	72	30.5	74	56.5	59.5	50	55	75.5	58	81	22	74.5	69.5	38	87.5	72	59	66	30.5	95	96.5	29	67.5	59	56.5	56.5	41	55	51.5	95.5	68	83.5	95.5	88	29.5	39	38	96	75.5	22.5	74.5	89	91.5	86.5	74	83.5	43.5	85.5	80.5	33	70	67.5	
84.5	59	83.5	63	73	72.5	32	66	65	56	67.5	27	28.5	15	92	36	74	38	59.5	30.5	80.5	86.5	70	50.5	53.5	68	30	0	50	25.5	33	35.5	72	78.5	35	90	58	54.5	54.5	66.5	68.5	90.5	38	66	52.5	61	28	26.5	62	31	21	65.5	64.5	82.5	36.5	37.5	68	53.5	31.5	24.5	72	66	74.5	51.5	71.5	46	39	54	41.5	70.5	79.5	9	23.5	74	43.5	72	8	53.5	50.5	28	52.5	51.5	38	58	60.5	45	29	41.5	34.5	45.5	1	81	74	48.5	30	36	44	42.5	48.5	68	26.5	68	50.5	53.5	46	51	71.5	54	77	8	68.5	63.5	34	83.5	68	55	62	31.5	89	90.5	11	63.5	53	50.5	50.5	37	49	47.5	91.5	62	77.5	91.5	82	25.5	35	34	90	71.5	21.5	68.5	83	87.5	80.5	68	79.5	37.5	81.5	76.5	27	66	63.5	
60.5	37	67.5	39	57	56.5	54	50	49	40	51.5	43	29.5	35	74	32	58	24	35.5	50.5	56.5	62.5	46	34.5	29.5	52	54	50	0	44.5	37	19.5	56	54.5	39	66	42	30.5	38.5	50.5	52.5	70.5	32	50	28.5	45	22	50.5	44	45	45	45.5	40.5	66.5	20.5	36.5	44	29.5	40.5	43.5	48	50	58.5	27.5	55.5	30	23	30	30.5	46.5	63.5	41	32.5	50	32.5	56	42	29.5	34.5	52	28.5	35.5	12	34	44.5	21	25	25.5	23.5	30.5	49	65	58	24.5	24	22	28	33.5	32.5	48	45.5	44	26.5	29.5	30	35	55.5	38	61	42	44.5	39.5	42	67.5	52	31	44	49.5	65	66.5	39	47.5	29	26.5	26.5	39	25	31.5	69.5	38	53.5	69.5	58	34.5	41	16	66	55.5	37.5	44.5	59	71.5	56.5	44	61.5	18.5	65.5	60.5	33	50	47.5	
85	53.5	78	61.5	67.5	67	31.5	60.5	59.5	50.5	62	32.5	29	24.5	86.5	36.5	68.5	38.5	60	30	81	83	70.5	45	54	62.5	29.5	25.5	44.5	0	27.5	30	66.5	79	29.5	84.5	52.5	55	49	61	63	85	32.5	60.5	53	55.5	22.5	26	56.5	25.5	20.5	60	65	77	31	32	68.5	54	26	1	72.5	60.5	69	48	66	40.5	33.5	54.5	36	69	74	16.5	18	74.5	38	66.5	17.5	54	45	27.5	53	46	32.5	58.5	55	45.5	29.5	36	29	40	26.5	75.5	68.5	49	24.5	36.5	38.5	37	43	62.5	1	68.5	51	54	40.5	45.5	66	48.5	71.5	17.5	69	64	28.5	78	62.5	49.5	56.5	31	89.5	91	28.5	58	53.5	49	49	31.5	49.5	42	86	62.5	78	86	82.5	20	29.5	28.5	90.5	66	27	69	83.5	82	81	68.5	74	38	76	71	27.5	60.5	58	
77.5	46	70.5	54	60	59.5	39	53	52	43	54.5	40	26.5	32	79	11	61	31	52.5	37.5	73.5	75.5	63	37.5	46.5	55	37	33	37	27.5	0	22.5	59	71.5	2	77	45	47.5	41.5	53.5	55.5	77.5	25	53	45.5	48	15	33.5	49	28	28	52.5	57.5	69.5	23.5	24.5	61	46.5	23.5	26.5	65	53	61.5	40.5	58.5	33	26	47	28.5	61.5	66.5	24	15.5	67	30.5	59	25	46.5	37.5	35	45.5	38.5	25	51	47.5	38	18	28.5	21.5	32.5	34	68	61	41.5	17	29	31	29.5	35.5	55	28.5	61	43.5	46.5	33	38	58.5	41	64	25	61.5	56.5	31	70.5	55	42	49	38.5	82	83.5	36	50.5	46	41.5	41.5	4	42	34.5	78.5	55	70.5	78.5	75	17.5	32	21	83	58.5	34.5	61.5	76	74.5	73.5	61	66.5	30.5	68.5	63.5	30	53	50.5	
75	23.5	48	31.5	37.5	37	41.5	30.5	29.5	20.5	32	52.5	41	50.5	56.5	33.5	38.5	31.5	40	40	59	53	54.5	15	26	32.5	39.5	35.5	19.5	30	22.5	0	36.5	51	24.5	54.5	22.5	35	19	31	33	55	17.5	30.5	27	25.5	7.5	36	26.5	30.5	30.5	30	35	47	1	22	56.5	36	26	29	42.5	30.5	39	18	36	10.5	3.5	40.5	16	39	44	26.5	18	50.5	18	36.5	27.5	26	15	37.5	27	16	7.5	36.5	25	29.5	40.5	6	9	20	36.5	45.5	38.5	31	9.5	33.5	8.5	27	13	32.5	31	56.5	29	36	10.5	15.5	36	18.5	41.5	27.5	41	36	33.5	48	32.5	19.5	26.5	41	65.5	69	46.5	28	31.5	19	19	26.5	25.5	12	56	42.5	62	56	62.5	20	34.5	3.5	64.5	36	53	41	71.5	52	59	56.5	44	32	46	41	42.5	30.5	28	
38.5	45	29.5	43	19	23.5	78	22	31	42	28.5	81	67.5	73	38	70	2	62	38.5	76.5	34.5	34.5	18	41.5	52.5	4	76	72	56	66.5	59	36.5	0	32.5	61	36	24	43.5	35.5	12.5	14.5	36.5	54	22	51.5	17	44	72.5	38	67	67	36.5	41.5	28.5	37.5	58.5	20	42.5	62.5	65.5	34	6	20.5	54.5	17.5	32	35	38	52.5	35.5	25.5	63	54.5	14	54.5	0	64	52.5	21.5	74	51.5	42.5	44	42	11.5	49	63	42.5	45.5	56.5	73	27	2	47.5	46	60	30	63.5	49.5	34	67.5	20	49.5	42.5	42	27	17.5	30	23	64	37.5	42.5	70	29.5	4	51	38	77.5	43	44.5	77	24.5	47	55.5	55.5	63	53	38.5	37.5	36	31.5	37.5	36	56.5	71	40	44	22.5	75.5	37.5	37	33.5	34.5	20	25.5	56.5	27.5	22.5	71	32	24.5	
24	45.5	39	37.5	28.5	32	82.5	36.5	39.5	48.5	37	71.5	58	63.5	37.5	60.5	30.5	52.5	29	79	20	26	14.5	54	43	28.5	84.5	78.5	54.5	79	71.5	51	32.5	0	69.5	29.5	38.5	34	50	20	18	34	66.5	36.5	42	31.5	58.5	83	42.5	73.5	81.5	39	34	38	52	67	12.5	33	73	80	26.5	26.5	30	51	15	46.5	49.5	28.5	63	30	35	77.5	69	18.5	61	32.5	78.5	43	36	86.5	42	53	58.5	32.5	26	39.5	53.5	57	60	59	77.5	28.5	30.5	38	60.5	50.5	44.5	62	56	36.5	78	12.5	40	33	56.5	41.5	27	44.5	32.5	78.5	28	33	70.5	39	28.5	49.5	42.5	78	28.5	30	67.5	39	37.5	50	50	67.5	43.5	53	33	26.5	17	33	21.5	71	69.5	54.5	29.5	33	66	28	22.5	43	20	12.5	7	47	33	32	61.5	38.5	39	
75.5	48	72.5	54	62	61.5	41	55	54	45	56.5	38	24.5	30	81	9	63	29	50.5	39.5	71.5	77.5	61	39.5	44.5	57	39	35	39	29.5	2	24.5	61	69.5	0	79	47	45.5	43.5	55.5	57.5	79.5	27	55	43.5	50	17	35.5	51	30	30	54.5	55.5	71.5	25.5	26.5	59	44.5	25.5	28.5	63	55	63.5	42.5	60.5	35	28	45	30.5	61.5	68.5	26	17.5	65	32.5	61	27	44.5	39.5	37	43.5	40.5	27	49	49.5	36	16	30.5	23.5	34.5	36	70	63	39.5	19	27	33	31.5	37.5	57	30.5	59	41.5	44.5	35	40	60.5	43	66	27	59.5	54.5	33	72.5	57	44	51	40.5	80	81.5	34	52.5	44	41.5	41.5	2	40	36.5	80.5	53	68.5	80.5	73	19.5	34	23	81	60.5	32.5	59.5	74	76.5	71.5	59	68.5	28.5	70.5	65.5	28	55	52.5	
20.5	57	27.5	49	17	41.5	94	40	49	60	46.5	83	69.5	75	34	72	38	64	40.5	90.5	21.5	27.5	26	59.5	54.5	32	94	90	66	84.5	77	54.5	36	29.5	79	0	42	45.5	53.5	25.5	27.5	30.5	72	40	53.5	35	62	90.5	54	85	85	50.5	45.5	26.5	55.5	76.5	24	44.5	80.5	83.5	38	30	23.5	62.5	30.5	50	53	40	70.5	41.5	28.5	81	72.5	30	72.5	36	82	54.5	39.5	92	53.5	60.5	62	44	29.5	51	65	60.5	63.5	70.5	89	35	38	49.5	64	62	48	73.5	67.5	48	85.5	24	51.5	44.5	60	45	20.5	48	31	82	39.5	44.5	82	27.5	32	61	54	89.5	25	26.5	79	42.5	49	61.5	61.5	79	55	56.5	29.5	38	18.5	29.5	8	74.5	81	58	26	40.5	77.5	39.5	19	31.5	21.5	24	36.5	58.5	30.5	20.5	73	50	42.5	
52.5	31	35.5	29	25	24.5	64	18	7	28	19.5	75	61.5	67	44	56	26	54	32.5	62.5	46.5	40.5	38	27.5	38.5	20	62	58	42	52.5	45	22.5	24	38.5	47	42	0	37.5	21.5	18.5	20.5	42.5	40	18	39.5	13	30	58.5	24	53	53	22.5	27.5	34.5	23.5	44.5	36	36.5	48.5	51.5	30	18	26.5	40.5	23.5	18	21	32	38.5	26.5	31.5	49	40.5	38	40.5	24	50	38.5	7.5	60	39.5	28.5	30	34	12.5	43	57	28.5	31.5	42.5	59	33	26	41.5	32	54	16	49.5	35.5	10	53.5	36	41.5	36.5	28	13	23.5	16	29	50	28.5	28.5	56	35.5	20	37	24	63.5	53	56.5	69	15.5	39	41.5	41.5	49	43	24.5	43.5	20	45.5	43.5	50	42.5	57	26	52	23.5	69.5	28.5	51	39.5	46.5	36	31.5	50.5	33.5	28.5	65	8	15.5	
40	21.5	57	18.5	52.5	38	58.5	39.5	30.5	24.5	33	47.5	34	39.5	53.5	36.5	41.5	28.5	15	55	36	42	25.5	30	19	47.5	60.5	54.5	30.5	55	47.5	35	43.5	34	45.5	45.5	37.5	0	16	46	48	50	42.5	39.5	18	40.5	42.5	59	23.5	49.5	65.5	25	20	58	36	43	23.5	1	49	56	27.5	45.5	54	27	49	30.5	33.5	9.5	39	26	51	61.5	53	29.5	37	43.5	62.5	19	30	62.5	18	29	42.5	13.5	40	15.5	29.5	39	44	35	53.5	44.5	41.5	14	44.5	26.5	28.5	38	32	27.5	54	23.5	16	1	34.5	30.5	51	31.5	48.5	62.5	24	19	46.5	63	47.5	25.5	23.5	54	44.5	46	43.5	37	13.5	26	26	43.5	19.5	33	49	17.5	33	49	37.5	55	45.5	38.5	45.5	39	42	24	38.5	63	36	23.5	41	23	49	56	37.5	29.5	37	
56	27.5	47	30.5	36.5	36	60.5	29.5	28.5	24.5	31	63.5	50	55.5	55.5	52.5	37.5	44.5	31	59	52	52	41.5	24	35	31.5	58.5	54.5	38.5	49	41.5	19	35.5	50	43.5	53.5	21.5	16	0	30	32	54	36.5	29.5	34	24.5	26.5	55	25.5	49.5	49.5	29	34	46	20	41	39.5	17	45	48	41.5	29.5	38	37	35	14.5	17.5	25.5	35	38	43	45.5	37	45.5	37	35.5	46.5	35	14	56.5	34	25	26.5	29.5	24	31.5	45.5	25	28	39	55.5	44.5	37.5	30	28.5	42.5	12.5	46	32	31.5	50	39.5	32	17	24.5	14.5	35	17.5	40.5	46.5	40	35	52.5	47	31.5	33.5	25.5	60	60.5	62	59.5	27	29.5	38	38	45.5	35.5	21	55	33.5	49	55	53.5	39	53.5	22.5	61.5	35	58	40	54.5	51	52	39.5	43	39	45	40	53.5	29.5	27	
44	39.5	19	37.5	8.5	18	72.5	16.5	25.5	36.5	23	83.5	72	81.5	27.5	64.5	14.5	62.5	41	71	30	24	30.5	36	47	8.5	70.5	66.5	50.5	61	53.5	31	12.5	20	55.5	25.5	18.5	46	30	0	2	26	48.5	16.5	48	11.5	38.5	67	32.5	61.5	61.5	31	36	18	32	53	32.5	47	57	60	28.5	6.5	10	49	5	26.5	29.5	46.5	47	30	15	57.5	49	26.5	49	12.5	58.5	47	16	68.5	48	37	38.5	42.5	6	55.5	71.5	37	40	51	67.5	16.5	14.5	52	40.5	64.5	24.5	58	44	28.5	62	32.5	50	47	36.5	21.5	7	24.5	12.5	58.5	32	37	64.5	19	8.5	45.5	32.5	72	36.5	40	77.5	19	47.5	50	50	57.5	51.5	33	27	38.5	33	27	33.5	51	65.5	34.5	35.5	17	84	32	42.5	23	30	32.5	13	63	17	12	73.5	26.5	19	
42	41.5	21	39.5	10.5	20	74.5	18.5	27.5	38.5	25	85.5	74	81.5	29.5	66.5	16.5	64.5	43	73	32	26	32.5	38	49	10.5	72.5	68.5	52.5	63	55.5	33	14.5	18	57.5	27.5	20.5	48	32	2	0	28	50.5	18.5	50	13.5	40.5	69	34.5	63.5	63.5	33	38	20	34	55	30.5	49	59	62	30.5	8.5	12	51	3	28.5	31.5	46.5	49	32	17	59.5	51	28.5	51	14.5	60.5	49	18	70.5	50	39	40.5	44.5	8	57.5	71.5	39	42	53	69.5	18.5	16.5	54	42.5	66.5	26.5	60	46	30.5	64	30.5	52	49	38.5	23.5	9	26.5	14.5	60.5	34	39	66.5	21	10.5	47.5	34.5	74	38.5	42	79.5	21	49.5	52	52	59.5	53.5	35	29	40.5	35	29	35.5	53	67.5	36.5	37.5	19	84	34	40.5	25	32	30.5	11	65	19	14	75.5	28.5	21	
