Number of items: 25
Horizon: 12
Time limit: 500
Load limit: 1500
Initial item inventory level
102
66
126
90
114
11
174
38
67
249
20
28
152
90
147
88
21
79
213
46
126
138
69
49
116
Maximum inventory capacity per item
136
99
189
180
171
22
261
76
134
332
40
42
228
135
196
132
42
158
284
92
189
207
138
98
174
Reserve storage replenishment rate per item and per period
204	0	0	204	0	0	204	0	0	204	0	0	
198	0	0	198	0	0	198	0	0	198	0	0	
378	0	0	378	0	0	378	0	0	378	0	0	
540	0	0	540	0	0	540	0	0	540	0	0	
342	0	0	342	0	0	342	0	0	342	0	0	
66	0	0	66	0	0	66	0	0	66	0	0	
522	0	0	522	0	0	522	0	0	522	0	0	
228	0	0	228	0	0	228	0	0	228	0	0	
402	0	0	402	0	0	402	0	0	402	0	0	
498	0	0	498	0	0	498	0	0	498	0	0	
120	0	0	120	0	0	120	0	0	120	0	0	
84	0	0	84	0	0	84	0	0	84	0	0	
456	0	0	456	0	0	456	0	0	456	0	0	
270	0	0	270	0	0	270	0	0	270	0	0	
294	0	0	294	0	0	294	0	0	294	0	0	
264	0	0	264	0	0	264	0	0	264	0	0	
126	0	0	126	0	0	126	0	0	126	0	0	
474	0	0	474	0	0	474	0	0	474	0	0	
426	0	0	426	0	0	426	0	0	426	0	0	
276	0	0	276	0	0	276	0	0	276	0	0	
378	0	0	378	0	0	378	0	0	378	0	0	
414	0	0	414	0	0	414	0	0	414	0	0	
414	0	0	414	0	0	414	0	0	414	0	0	
294	0	0	294	0	0	294	0	0	294	0	0	
348	0	0	348	0	0	348	0	0	348	0	0	
Forward storage demand rate per item and per period
34	34	19	50	48	44	40	29	19	19	31	55	
33	61	35	33	39	31	23	50	18	32	46	41	
63	23	13	82	45	50	18	57	72	50	35	7	
90	110	87	102	52	71	90	79	114	157	109	105	
57	46	27	66	32	17	74	59	1	86	83	55	
11	16	7	7	6	9	8	13	10	12	12	15	
87	138	68	63	104	79	92	169	33	15	126	91	
38	30	36	59	61	14	19	22	52	18	28	12	
67	49	30	75	111	55	74	74	96	35	82	36	
83	58	93	53	56	83	60	94	42	158	63	50	
20	20	17	8	13	21	24	4	16	11	28	29	
14	19	11	15	5	23	8	0	5	15	10	22	
76	93	77	30	32	113	92	78	49	101	107	81	
45	38	57	3	17	67	43	32	34	21	50	20	
49	57	56	30	50	46	47	49	27	58	16	11	
44	10	42	26	61	56	33	81	63	38	31	67	
21	17	30	16	24	20	20	25	20	17	9	27	
79	78	59	71	61	30	119	87	83	72	111	7	
71	82	74	107	67	15	65	43	53	85	45	38	
46	46	42	70	36	40	42	64	37	13	50	24	
63	82	40	47	115	91	40	78	81	94	58	50	
69	30	58	103	11	66	45	53	62	58	60	126	
69	88	50	24	71	65	55	115	58	45	116	93	
49	77	21	75	60	40	27	48	53	33	17	48	
58	35	44	57	92	71	72	91	53	27	43	94	
Distance matrix
0	25	70.5	42.5	20.5	75.5	31	76.5	31	86	80.5	41.5	12.5	56.5	27	29	42.5	50	88.5	40.5	71.5	67.5	59	48	66	44.5	
25	0	49.5	22.5	40.5	70.5	34	71.5	34	69	69.5	23.5	32.5	51.5	2	36	37.5	35	81.5	35.5	66.5	62.5	46	43	61	25.5	
70.5	49.5	0	32	54	49	43.5	38	43.5	23.5	24	33	62	18	47.5	45.5	32	24.5	36	34	23	27	15.5	26.5	43.5	30	
42.5	22.5	32	0	22	77	11.5	66	11.5	51.5	52	1	30	36	20.5	13.5	20	17.5	64	22	51	55	28.5	29.5	71.5	8	
20.5	40.5	54	22	0	91	28.5	88	28.5	73.5	74	23	8	58	42.5	15.5	42	39.5	86	44	73	77	50.5	51.5	81.5	30	
75.5	70.5	49	77	91	0	86.5	27	86.5	33.5	39	78	83	57	72.5	90.5	73	69.5	13	71	42	38	60.5	63.5	21.5	75	
31	34	43.5	11.5	28.5	86.5	0	77.5	0	63	63.5	12.5	36.5	47.5	32	20	31.5	29	75.5	33.5	62.5	66.5	40	41	77	19.5	
76.5	71.5	38	66	88	27	77.5	0	77.5	22.5	28	67	84	52	73.5	79.5	66	58.5	30	68	37	39	49.5	60.5	22.5	64	
31	34	43.5	11.5	28.5	86.5	0	77.5	0	63	63.5	12.5	36.5	47.5	32	20	31.5	29	75.5	33.5	62.5	66.5	40	41	77	19.5	
86	69	23.5	51.5	73.5	33.5	63	22.5	63	0	13.5	52.5	81.5	37.5	67	65	51.5	44	20.5	53.5	22.5	26.5	35	46	20	49.5	
80.5	69.5	24	52	74	39	63.5	28	63.5	13.5	0	53	82	38	67.5	65.5	52	44.5	26	54	23	27	35.5	46.5	31.5	50	
41.5	23.5	33	1	23	78	12.5	67	12.5	52.5	53	0	31	37	21.5	14.5	21	18.5	65	23	52	56	29.5	30.5	72.5	9	
12.5	32.5	62	30	8	83	36.5	84	36.5	81.5	82	31	0	64	34.5	23.5	50	47.5	94	48	79	75	58.5	55.5	73.5	38	
56.5	51.5	18	36	58	57	47.5	52	47.5	37.5	38	37	64	0	51.5	49.5	36	28.5	50	38	37	41	19.5	30.5	47.5	34	
27	2	47.5	20.5	42.5	72.5	32	73.5	32	67	67.5	21.5	34.5	51.5	0	34	35.5	33	79.5	37.5	66.5	64.5	44	45	63	23.5	
29	36	45.5	13.5	15.5	90.5	20	79.5	20	65	65.5	14.5	23.5	49.5	34	0	33.5	31	77.5	35.5	64.5	68.5	42	43	85	21.5	
42.5	37.5	32	20	42	73	31.5	66	31.5	51.5	52	21	50	36	35.5	33.5	0	17.5	64	2	51	55	28.5	29.5	63.5	18	
50	35	24.5	17.5	39.5	69.5	29	58.5	29	44	44.5	18.5	47.5	28.5	33	31	17.5	0	56.5	19.5	43.5	47.5	21	22	64	15.5	
88.5	81.5	36	64	86	13	75.5	30	75.5	20.5	26	65	94	50	79.5	77.5	64	56.5	0	66	35	39	47.5	58.5	34.5	62	
40.5	35.5	34	22	44	71	33.5	68	33.5	53.5	54	23	48	38	37.5	35.5	2	19.5	66	0	53	57	30.5	31.5	61.5	20	
71.5	66.5	23	51	73	42	62.5	37	62.5	22.5	23	52	79	37	66.5	64.5	51	43.5	35	53	0	4	34.5	45.5	32.5	49	
67.5	62.5	27	55	77	38	66.5	39	66.5	26.5	27	56	75	41	64.5	68.5	55	47.5	39	57	4	0	38.5	49.5	28.5	53	
59	46	15.5	28.5	50.5	60.5	40	49.5	40	35	35.5	29.5	58.5	19.5	44	42	28.5	21	47.5	30.5	34.5	38.5	0	23	55	26.5	
48	43	26.5	29.5	51.5	63.5	41	60.5	41	46	46.5	30.5	55.5	30.5	45	43	29.5	22	58.5	31.5	45.5	49.5	23	0	54	27.5	
66	61	43.5	71.5	81.5	21.5	77	22.5	77	20	31.5	72.5	73.5	47.5	63	85	63.5	64	34.5	61.5	32.5	28.5	55	54	0	69.5	
44.5	25.5	30	8	30	75	19.5	64	19.5	49.5	50	9	38	34	23.5	21.5	18	15.5	62	20	49	53	26.5	27.5	69.5	0	
