Number of items: 25
Horizon: 3
Time limit: 500
Load limit: 1500
Initial item inventory level
142
64
32
16
21
58
73
198
51
36
52
52
79
38
172
20
174
32
102
34
130
42
102
76
166
Maximum inventory capacity per item
213
128
64
32
42
87
146
297
102
72
104
78
158
76
258
40
261
48
153
68
195
84
153
152
249
Reserve storage replenishment rate per item and per period
426	0	0	
384	0	0	
192	0	0	
96	0	0	
126	0	0	
174	0	0	
438	0	0	
594	0	0	
306	0	0	
216	0	0	
312	0	0	
156	0	0	
474	0	0	
228	0	0	
516	0	0	
120	0	0	
522	0	0	
96	0	0	
306	0	0	
204	0	0	
390	0	0	
252	0	0	
306	0	0	
456	0	0	
498	0	0	
Forward storage demand rate per item and per period
71	73	64	
64	69	57	
32	52	29	
16	13	22	
21	14	24	
29	46	37	
73	103	73	
99	53	89	
51	43	18	
36	48	25	
52	65	48	
26	40	43	
79	135	84	
38	34	27	
86	124	89	
20	25	27	
87	85	85	
16	11	21	
51	36	36	
34	23	20	
65	68	56	
42	38	33	
51	15	64	
76	44	21	
83	105	42	
Distance matrix
0	102.5	63.5	74.5	84	14.5	73.5	29.5	10	45	39.5	19.5	30.5	18	73	42.5	71.5	13.5	83	27.5	78	61	53.5	39	11.5	86.5	
102.5	0	39	28	18.5	88	29	73	92.5	57.5	63	83	72	84.5	29.5	60	31	89	19.5	75	24.5	41.5	49	63.5	91	16	
63.5	39	0	27	42.5	53	28	42	61.5	26.5	32	52	41	53.5	61.5	29	30	58	33.5	44	48.5	35.5	18	32.5	60	45	
74.5	28	27	0	31.5	64	1	61	80.5	45.5	51	71	60	72.5	42.5	48	3	73	22.5	63	37.5	29.5	37	51.5	79	34	
84	18.5	42.5	31.5	0	73.5	32.5	76.5	94	61	66.5	86.5	75.5	88	27	63.5	34.5	82.5	23	78.5	6	45	52.5	67	90.5	24.5	
14.5	88	53	64	73.5	0	63	15	24.5	34.5	29	29	40	32.5	62.5	32	61	13	72.5	27	67.5	50.5	43	28.5	21	76	
73.5	29	28	1	32.5	63	0	62	81.5	46.5	52	72	61	73.5	41.5	49	2	72	23.5	64	38.5	30.5	38	52.5	80	35	
29.5	73	42	61	76.5	15	62	0	39.5	45.5	44	36	25	37.5	77.5	43	64	28	67.5	28	82.5	65.5	42	31.5	36	79	
10	92.5	61.5	80.5	94	24.5	81.5	39.5	0	55	49.5	29.5	24.5	8	83	52.5	81.5	23.5	87	37.5	88	71	61.5	49	21.5	96.5	
45	57.5	26.5	45.5	61	34.5	46.5	45.5	55	0	29.5	55.5	44.5	57	58	32.5	48.5	43.5	52	47.5	63	46	26.5	36	51.5	63.5	
39.5	63	32	51	66.5	29	52	44	49.5	29.5	0	54	45	57.5	57.5	3	54	38	57.5	48	62.5	45.5	32	36.5	46	69	
19.5	83	52	71	86.5	29	72	36	29.5	55.5	54	0	11	27.5	87.5	53	74	28	77.5	28	92.5	75.5	52	41.5	8	89	
30.5	72	41	60	75.5	40	61	25	24.5	44.5	45	11	0	16.5	96.5	42	63	31	66.5	17	81.5	68.5	41	30.5	19	78	
18	84.5	53.5	72.5	88	32.5	73.5	37.5	8	57	57.5	27.5	16.5	0	91	54.5	75.5	31.5	79	29.5	94	79	53.5	43	29.5	90.5	
73	29.5	61.5	42.5	27	62.5	41.5	77.5	83	58	57.5	87.5	96.5	91	0	60.5	39.5	71.5	36	85.5	21	34	61.5	72	79.5	24.5	
42.5	60	29	48	63.5	32	49	43	52.5	32.5	3	53	42	54.5	60.5	0	51	41	54.5	45	65.5	48.5	29	33.5	49	66	
71.5	31	30	3	34.5	61	2	64	81.5	48.5	54	74	63	75.5	39.5	51	0	70	25.5	66	40.5	32.5	40	54.5	78	37	
13.5	89	58	73	82.5	13	72	28	23.5	43.5	38	28	31	31.5	71.5	41	70	0	81.5	14	76.5	59.5	52	37.5	20	85	
83	19.5	33.5	22.5	23	72.5	23.5	67.5	87	52	57.5	77.5	66.5	79	36	54.5	25.5	81.5	0	69.5	29	36	43.5	58	85.5	25.5	
27.5	75	44	63	78.5	27	64	28	37.5	47.5	48	28	17	29.5	85.5	45	66	14	69.5	0	84.5	71.5	44	33.5	34	81	
78	24.5	48.5	37.5	6	67.5	38.5	82.5	88	63	62.5	92.5	81.5	94	21	65.5	40.5	76.5	29	84.5	0	39	58.5	73	84.5	30.5	
61	41.5	35.5	29.5	45	50.5	30.5	65.5	71	46	45.5	75.5	68.5	79	34	48.5	32.5	59.5	36	71.5	39	0	45.5	60	67.5	47.5	
53.5	49	18	37	52.5	43	38	42	61.5	26.5	32	52	41	53.5	61.5	29	40	52	43.5	44	58.5	45.5	0	32.5	60	55	
39	63.5	32.5	51.5	67	28.5	52.5	31.5	49	36	36.5	41.5	30.5	43	72	33.5	54.5	37.5	58	33.5	73	60	32.5	0	45.5	69.5	
11.5	91	60	79	90.5	21	80	36	21.5	51.5	46	8	19	29.5	79.5	49	78	20	85.5	34	84.5	67.5	60	45.5	0	93	
86.5	16	45	34	24.5	76	35	79	96.5	63.5	69	89	78	90.5	24.5	66	37	85	25.5	81	30.5	47.5	55	69.5	93	0	
