Number of items: 25
Horizon: 3
Time limit: 500
Load limit: 1500
Initial item inventory level
63
48
100
89
89
38
36
45
17
70
178
102
22
74
30
76
74
19
26
130
84
124
92
88
172
Maximum inventory capacity per item
126
72
150
178
178
76
72
90
34
105
267
153
44
111
60
114
111
38
52
195
168
186
184
176
258
Reserve storage replenishment rate per item and per period
378	0	0	
144	0	0	
300	0	0	
534	0	0	
534	0	0	
228	0	0	
216	0	0	
270	0	0	
102	0	0	
210	0	0	
534	0	0	
306	0	0	
132	0	0	
222	0	0	
180	0	0	
228	0	0	
222	0	0	
114	0	0	
156	0	0	
390	0	0	
504	0	0	
372	0	0	
552	0	0	
528	0	0	
516	0	0	
Forward storage demand rate per item and per period
63	73	65	
24	39	26	
50	84	46	
89	109	32	
89	117	116	
38	69	55	
36	22	41	
45	23	45	
17	18	5	
35	40	38	
89	55	76	
51	77	63	
22	24	27	
37	29	10	
30	11	28	
38	37	59	
37	47	21	
19	6	11	
26	31	11	
65	35	52	
84	50	123	
62	81	44	
92	42	79	
88	141	94	
86	56	137	
Distance matrix
0	9	45.5	80	84	47	81.5	31.5	51	15.5	38	69.5	15	58.5	92.5	19	91	47.5	65.5	75.5	45	51	19.5	77	46	75.5	
9	0	44.5	71	83	46	74.5	30.5	50	19.5	37	68.5	14	57.5	91.5	18	90	38.5	64.5	70.5	44	50	18.5	74	45	70.5	
45.5	44.5	0	34.5	50.5	32.5	38	48	28.5	56	33.5	50	40.5	13	67	34.5	53.5	32	44	34	30.5	28.5	30	37.5	33.5	34	
80	71	34.5	0	16	33	3.5	48.5	29	64.5	42	35.5	65	21.5	32.5	61	19	32.5	14.5	4.5	35	29	60.5	3	34	4.5	
84	83	50.5	16	0	49	14.5	64.5	45	80.5	58	31.5	79	37.5	28.5	73	15	48.5	30.5	20.5	51	45	68.5	19	50	20.5	
47	46	32.5	33	49	0	36.5	41.5	22	57.5	35	56.5	42	19.5	65.5	36	52	25.5	42.5	32.5	2	4	31.5	36	27	32.5	
81.5	74.5	38	3.5	14.5	36.5	0	52	32.5	68	45.5	34	68.5	25	31	64.5	17.5	36	18	8	38.5	32.5	64	6.5	37.5	8	
31.5	30.5	48	48.5	64.5	41.5	52	0	27.5	38	40.5	76	26.5	35	81	25.5	67.5	16	58	48	43.5	37.5	26	51.5	22.5	48	
51	50	28.5	29	45	22	32.5	27.5	0	43.5	13	64.5	44	15.5	61.5	40	48	11.5	38.5	28.5	24	18	35.5	32	13	28.5	
15.5	19.5	56	64.5	80.5	57.5	68	38	43.5	0	48.5	80	25.5	51	97	29.5	83.5	32	74	64	55.5	53.5	30	67.5	38.5	64	
38	37	33.5	42	58	35	45.5	40.5	13	48.5	0	57.5	33	28.5	74.5	27	61	24.5	51.5	41.5	33	31	22.5	45	26	41.5	
69.5	68.5	50	35.5	31.5	56.5	34	76	64.5	80	57.5	0	64.5	57	37	58.5	29.5	68	40	40	54.5	60.5	54	38.5	69.5	40	
15	14	40.5	65	79	42	68.5	26.5	44	25.5	33	64.5	0	51.5	87.5	14	84	32.5	60.5	64.5	40	46	14.5	68	39	64.5	
58.5	57.5	13	21.5	37.5	19.5	25	35	15.5	51	28.5	57	51.5	0	54	47.5	40.5	19	31	21	21.5	15.5	43	24.5	20.5	21	
92.5	91.5	67	32.5	28.5	65.5	31	81	61.5	97	74.5	37	87.5	54	0	81.5	21.5	65	47	37	67.5	61.5	77	35.5	66.5	37	
19	18	34.5	61	73	36	64.5	25.5	40	29.5	27	58.5	14	47.5	81.5	0	80	28.5	54.5	60.5	34	40	8.5	64	35	60.5	
91	90	53.5	19	15	52	17.5	67.5	48	83.5	61	29.5	84	40.5	21.5	80	0	51.5	33.5	23.5	54	48	75.5	22	53	23.5	
47.5	38.5	32	32.5	48.5	25.5	36	16	11.5	32	24.5	68	32.5	19	65	28.5	51.5	0	42	32	27.5	21.5	28	35.5	6.5	32	
65.5	64.5	44	14.5	30.5	42.5	18	58	38.5	74	51.5	40	60.5	31	47	54.5	33.5	42	0	10	44.5	38.5	50	17.5	43.5	10	
75.5	70.5	34	4.5	20.5	32.5	8	48	28.5	64	41.5	40	64.5	21	37	60.5	23.5	32	10	0	34.5	28.5	60	7.5	33.5	0	
45	44	30.5	35	51	2	38.5	43.5	24	55.5	33	54.5	40	21.5	67.5	34	54	27.5	44.5	34.5	0	6	29.5	38	29	34.5	
51	50	28.5	29	45	4	32.5	37.5	18	53.5	31	60.5	46	15.5	61.5	40	48	21.5	38.5	28.5	6	0	35.5	32	23	28.5	
19.5	18.5	30	60.5	68.5	31.5	64	26	35.5	30	22.5	54	14.5	43	77	8.5	75.5	28	50	60	29.5	35.5	0	61.5	30.5	60	
77	74	37.5	3	19	36	6.5	51.5	32	67.5	45	38.5	68	24.5	35.5	64	22	35.5	17.5	7.5	38	32	61.5	0	37	7.5	
46	45	33.5	34	50	27	37.5	22.5	13	38.5	26	69.5	39	20.5	66.5	35	53	6.5	43.5	33.5	29	23	30.5	37	0	33.5	
75.5	70.5	34	4.5	20.5	32.5	8	48	28.5	64	41.5	40	64.5	21	37	60.5	23.5	32	10	0	34.5	28.5	60	7.5	33.5	0	
