Number of items: 25
Horizon: 3
Time limit: 500
Load limit: 1500
Initial item inventory level
126
64
196
89
21
98
110
146
75
57
142
80
76
62
46
110
44
36
26
44
48
80
93
83
70
Maximum inventory capacity per item
189
96
294
178
42
196
165
219
150
114
213
160
114
93
92
165
88
72
52
66
96
120
186
166
105
Reserve storage replenishment rate per item and per period
378	0	0	
192	0	0	
588	0	0	
534	0	0	
126	0	0	
588	0	0	
330	0	0	
438	0	0	
450	0	0	
342	0	0	
426	0	0	
480	0	0	
228	0	0	
186	0	0	
276	0	0	
330	0	0	
264	0	0	
216	0	0	
156	0	0	
132	0	0	
288	0	0	
240	0	0	
558	0	0	
498	0	0	
210	0	0	
Forward storage demand rate per item and per period
63	85	56	
32	27	23	
98	158	74	
89	94	79	
21	26	7	
98	67	96	
55	53	41	
73	47	105	
75	81	58	
57	62	19	
71	100	123	
80	32	74	
38	46	24	
31	37	23	
46	73	68	
55	42	20	
44	43	40	
36	43	9	
26	18	41	
22	24	21	
48	69	37	
40	44	45	
93	99	135	
83	63	43	
35	42	58	
Distance matrix
0	44	15	30	12	63	43.5	57.5	26.5	96.5	21	47.5	53.5	31.5	7.5	59.5	66.5	72	18.5	34	43	53.5	27.5	78	72	72	
44	0	31	36	34	33	57.5	13.5	24.5	64.5	35	3.5	67.5	14.5	38.5	21.5	74.5	84	27.5	12	43	17.5	23.5	38	84	74	
15	31	0	25	17	58	38.5	42.5	21.5	91.5	16	32.5	48.5	31.5	17.5	50.5	61.5	67	13.5	19	38	46.5	22.5	67	67	67	
30	36	25	0	32	43	23.5	27.5	21.5	76.5	11	32.5	33.5	46.5	32.5	35.5	46.5	52	23.5	44	23	31.5	22.5	52	52	52	
12	34	17	32	0	65	45.5	45.5	28.5	96.5	23	35.5	55.5	31.5	14.5	53.5	68.5	74	20.5	34	45	49.5	29.5	70	74	74	
63	33	58	43	65	0	26.5	19.5	50.5	45.5	44	29.5	36.5	45.5	65.5	17.5	49.5	55	56.5	43	34	23.5	49.5	19	55	55	
43.5	57.5	38.5	23.5	45.5	26.5	0	44	35	55	24.5	54	12	60	46	38	25	30.5	37	57.5	16.5	42	36	36.5	30.5	30.5	
57.5	13.5	42.5	27.5	45.5	19.5	44	0	31	51	36.5	10	54	26	50	8	61	70.5	39	23.5	29.5	4	30	24.5	70.5	60.5	
26.5	24.5	21.5	21.5	28.5	50.5	35	31	0	82	12.5	21	45	37	29	39	58	63.5	20	34.5	34.5	35	1	55.5	63.5	63.5	
96.5	64.5	91.5	76.5	96.5	45.5	55	51	82	0	77.5	61	45	77	99	49	38	28.5	90	74.5	65.5	55	81	30.5	28.5	36.5	
21	35	16	11	23	44	24.5	36.5	12.5	77.5	0	31.5	34.5	37.5	23.5	40.5	47.5	53	14.5	35	24	34.5	13.5	59	53	53	
47.5	3.5	32.5	32.5	35.5	29.5	54	10	21	61	31.5	0	64	16	40	18	71	80.5	29	13.5	39.5	14	20	34.5	80.5	70.5	
53.5	67.5	48.5	33.5	55.5	36.5	12	54	45	45	34.5	64	0	70	56	48	15	20.5	47	67.5	26.5	52	46	31.5	20.5	20.5	
31.5	14.5	31.5	46.5	31.5	45.5	60	26	37	77	37.5	16	70	0	34	34	83	88.5	35	14.5	55.5	30	36	50.5	88.5	86.5	
7.5	38.5	17.5	32.5	14.5	65.5	46	50	29	99	23.5	40	56	34	0	58	69	74.5	21	36.5	45.5	54	30	74.5	74.5	74.5	
59.5	21.5	50.5	35.5	53.5	17.5	38	8	39	49	40.5	18	48	34	58	0	59	66.5	47	31.5	27.5	12	38	22.5	66.5	58.5	
66.5	74.5	61.5	46.5	68.5	49.5	25	61	58	38	47.5	71	15	83	69	59	0	13.5	60	80.5	39.5	65	59	40.5	13.5	13.5	
72	84	67	52	74	55	30.5	70.5	63.5	28.5	53	80.5	20.5	88.5	74.5	66.5	13.5	0	65.5	86	45	70.5	64.5	50	0	14	
18.5	27.5	13.5	23.5	20.5	56.5	37	39	20	90	14.5	29	47	35	21	47	60	65.5	0	32.5	36.5	43	21	63.5	65.5	65.5	
34	12	19	44	34	43	57.5	23.5	34.5	74.5	35	13.5	67.5	14.5	36.5	31.5	80.5	86	32.5	0	53	27.5	33.5	48	86	84	
43	43	38	23	45	34	16.5	29.5	34.5	65.5	24	39.5	26.5	55.5	45.5	27.5	39.5	45	36.5	53	0	33.5	35.5	39	45	45	
53.5	17.5	46.5	31.5	49.5	23.5	42	4	35	55	34.5	14	52	30	54	12	65	70.5	43	27.5	33.5	0	34	28.5	70.5	64.5	
27.5	23.5	22.5	22.5	29.5	49.5	36	30	1	81	13.5	20	46	36	30	38	59	64.5	21	33.5	35.5	34	0	54.5	64.5	64.5	
78	38	67	52	70	19	36.5	24.5	55.5	30.5	59	34.5	31.5	50.5	74.5	22.5	40.5	50	63.5	48	39	28.5	54.5	0	50	40	
72	84	67	52	74	55	30.5	70.5	63.5	28.5	53	80.5	20.5	88.5	74.5	66.5	13.5	0	65.5	86	45	70.5	64.5	50	0	14	
72	74	67	52	74	55	30.5	60.5	63.5	36.5	53	70.5	20.5	86.5	74.5	58.5	13.5	14	65.5	84	45	64.5	64.5	40	14	0	
