Number of items: 25
Horizon: 12
Time limit: 500
Load limit: 1500
Initial item inventory level
47
98
86
106
122
66
26
148
141
210
75
89
192
36
168
123
24
198
60
56
60
128
74
82
76
Maximum inventory capacity per item
94
147
129
159
183
132
39
222
188
280
150
178
256
48
224
164
36
297
120
84
80
192
111
164
114
Reserve storage replenishment rate per item and per period
282	0	0	282	0	0	282	0	0	282	0	0	
294	0	0	294	0	0	294	0	0	294	0	0	
258	0	0	258	0	0	258	0	0	258	0	0	
318	0	0	318	0	0	318	0	0	318	0	0	
366	0	0	366	0	0	366	0	0	366	0	0	
396	0	0	396	0	0	396	0	0	396	0	0	
78	0	0	78	0	0	78	0	0	78	0	0	
444	0	0	444	0	0	444	0	0	444	0	0	
282	0	0	282	0	0	282	0	0	282	0	0	
420	0	0	420	0	0	420	0	0	420	0	0	
450	0	0	450	0	0	450	0	0	450	0	0	
534	0	0	534	0	0	534	0	0	534	0	0	
384	0	0	384	0	0	384	0	0	384	0	0	
72	0	0	72	0	0	72	0	0	72	0	0	
336	0	0	336	0	0	336	0	0	336	0	0	
246	0	0	246	0	0	246	0	0	246	0	0	
72	0	0	72	0	0	72	0	0	72	0	0	
594	0	0	594	0	0	594	0	0	594	0	0	
360	0	0	360	0	0	360	0	0	360	0	0	
168	0	0	168	0	0	168	0	0	168	0	0	
120	0	0	120	0	0	120	0	0	120	0	0	
384	0	0	384	0	0	384	0	0	384	0	0	
222	0	0	222	0	0	222	0	0	222	0	0	
492	0	0	492	0	0	492	0	0	492	0	0	
228	0	0	228	0	0	228	0	0	228	0	0	
Forward storage demand rate per item and per period
47	20	76	47	70	76	53	54	51	43	53	46	
49	66	30	57	44	58	86	37	39	36	19	38	
43	51	46	20	69	52	1	38	53	23	13	15	
53	6	48	25	63	64	50	44	53	81	9	62	
61	47	42	31	26	41	83	55	85	43	86	27	
66	79	52	95	65	61	119	36	34	36	84	63	
13	8	10	4	12	11	3	11	9	8	22	7	
74	133	112	54	51	70	111	91	107	40	81	54	
47	23	15	11	69	25	43	32	57	29	50	21	
70	132	107	12	67	105	37	70	71	50	62	101	
75	47	50	35	73	23	47	63	22	93	55	102	
89	12	66	101	30	124	18	58	77	9	67	53	
64	54	55	67	72	36	80	8	78	89	56	65	
12	12	15	2	15	16	14	8	7	19	12	9	
56	28	13	27	33	65	78	67	60	37	42	89	
41	50	44	24	53	36	63	31	40	33	70	48	
12	11	6	14	10	4	13	20	21	6	4	3	
99	159	65	90	34	103	68	31	136	77	20	112	
60	36	86	83	56	57	53	33	51	73	73	104	
28	29	37	39	46	32	2	54	27	35	7	25	
20	13	18	29	25	22	18	17	21	27	13	19	
64	69	84	67	84	75	123	101	45	101	40	10	
37	42	31	42	38	55	37	34	28	36	50	35	
82	42	68	41	133	141	69	88	63	48	75	62	
38	32	43	9	41	29	23	32	39	50	47	42	
Distance matrix
0	42	63.5	17	69	85	65	1	50	37.5	57.5	26.5	16	47.5	69.5	37.5	71.5	67	26	36	27	89.5	75.5	10	23	57.5	
42	0	65.5	41	59	53	53	43	48	20.5	55.5	31.5	42	35.5	33.5	20.5	51.5	61	16	22	31	53.5	57.5	42	35	15.5	
63.5	65.5	0	70.5	22.5	28.5	28.5	64.5	33.5	76	26	75	79.5	46	48	76	30	20.5	49.5	79.5	80.5	26	24	63.5	76.5	64	
17	41	70.5	0	76	78	72	18	57	30.5	64.5	31.5	33	54.5	58.5	30.5	76.5	74	33	27	10	78.5	82.5	7	6	40.5	
69	59	22.5	76	0	26	34	70	39	63.5	31.5	74.5	85	51.5	31.5	63.5	29.5	2	55	65	74	26.5	30.5	69	78	43.5	
85	53	28.5	78	26	0	30	86	45	57.5	37.5	68.5	79	47.5	25.5	57.5	23.5	28	69	59	68	10.5	19.5	85	72	37.5	
65	53	28.5	72	34	30	0	66	35	57.5	27.5	68.5	79	47.5	25.5	57.5	28.5	32	51	59	68	30.5	34.5	65	72	37.5	
1	43	64.5	18	70	86	66	0	51	38.5	58.5	27.5	15	48.5	70.5	38.5	72.5	68	27	37	28	90.5	76.5	11	24	56.5	
50	48	33.5	57	39	45	35	51	0	52.5	27.5	61.5	66	32.5	25.5	52.5	41.5	37	36	54	63	45.5	45.5	50	63	32.5	
37.5	20.5	76	30.5	63.5	57.5	57.5	38.5	52.5	0	60	21	31.5	40	38	0	56	65.5	36.5	11.5	20.5	58	62	37.5	24.5	20	
57.5	55.5	26	64.5	31.5	37.5	27.5	58.5	27.5	60	0	69	73.5	40	28	60	34	29.5	43.5	61.5	70.5	38	38	57.5	70.5	40	
26.5	31.5	75	31.5	74.5	68.5	68.5	27.5	61.5	21	69	0	32.5	51	49	21	67	76.5	37.5	17.5	21.5	69	73	26.5	25.5	31	
16	42	79.5	33	85	79	79	15	66	31.5	73.5	32.5	0	61.5	59.5	31.5	77.5	83	42	28	27	79.5	83.5	26	31	41.5	
47.5	35.5	46	54.5	51.5	47.5	47.5	48.5	32.5	40	40	51	61.5	0	28	40	46	49.5	33.5	41.5	50.5	48	52	47.5	54.5	20	
69.5	33.5	48	58.5	31.5	25.5	25.5	70.5	25.5	38	28	49	59.5	28	0	38	24	33.5	49.5	39.5	48.5	26	30	65.5	52.5	18	
37.5	20.5	76	30.5	63.5	57.5	57.5	38.5	52.5	0	60	21	31.5	40	38	0	56	65.5	36.5	11.5	20.5	58	62	37.5	24.5	20	
71.5	51.5	30	76.5	29.5	23.5	28.5	72.5	41.5	56	34	67	77.5	46	24	56	0	31.5	57.5	57.5	66.5	24	28	71.5	70.5	36	
67	61	20.5	74	2	28	32	68	37	65.5	29.5	76.5	83	49.5	33.5	65.5	31.5	0	53	67	76	28.5	32.5	67	80	45.5	
26	16	49.5	33	55	69	51	27	36	36.5	43.5	37.5	42	33.5	49.5	36.5	57.5	53	0	38	43	69.5	61.5	26	39	31.5	
36	22	79.5	27	65	59	59	37	54	11.5	61.5	17.5	28	41.5	39.5	11.5	57.5	67	38	0	17	59.5	63.5	34	21	21.5	
27	31	80.5	10	74	68	68	28	63	20.5	70.5	21.5	27	50.5	48.5	20.5	66.5	76	43	17	0	68.5	72.5	17	4	30.5	
89.5	53.5	26	78.5	26.5	10.5	30.5	90.5	45.5	58	38	69	79.5	48	26	58	24	28.5	69.5	59.5	68.5	0	20	85.5	72.5	38	
75.5	57.5	24	82.5	30.5	19.5	34.5	76.5	45.5	62	38	73	83.5	52	30	62	28	32.5	61.5	63.5	72.5	20	0	75.5	76.5	42	
10	42	63.5	7	69	85	65	11	50	37.5	57.5	26.5	26	47.5	65.5	37.5	71.5	67	26	34	17	85.5	75.5	0	13	47.5	
23	35	76.5	6	78	72	72	24	63	24.5	70.5	25.5	31	54.5	52.5	24.5	70.5	80	39	21	4	72.5	76.5	13	0	34.5	
57.5	15.5	64	40.5	43.5	37.5	37.5	56.5	32.5	20	40	31	41.5	20	18	20	36	45.5	31.5	21.5	30.5	38	42	47.5	34.5	0	
