Number of items: 25
Horizon: 3
Time limit: 500
Load limit: 1500
Initial item inventory level
88
91
27
41
174
47
160
46
144
88
32
90
84
24
57
38
30
34
38
188
82
79
65
45
22
Maximum inventory capacity per item
132
182
54
82
261
94
240
69
216
176
64
135
126
48
114
57
45
68
76
282
164
158
130
90
33
Reserve storage replenishment rate per item and per period
264	0	0	
546	0	0	
162	0	0	
246	0	0	
522	0	0	
282	0	0	
480	0	0	
138	0	0	
432	0	0	
528	0	0	
192	0	0	
270	0	0	
252	0	0	
144	0	0	
342	0	0	
114	0	0	
90	0	0	
204	0	0	
228	0	0	
564	0	0	
492	0	0	
474	0	0	
390	0	0	
270	0	0	
66	0	0	
Forward storage demand rate per item and per period
44	15	55	
91	95	93	
27	41	30	
41	41	14	
87	68	108	
47	77	67	
80	112	72	
23	21	2	
72	126	123	
88	32	5	
32	32	36	
45	52	65	
42	28	29	
24	35	40	
57	32	69	
19	15	28	
15	17	12	
34	26	8	
38	46	41	
94	67	88	
82	81	48	
79	89	57	
65	52	23	
45	50	52	
11	11	5	
Distance matrix
0	59	69	33	62.5	89.5	82	89.5	37	37	59.5	25	67	54	26.5	74	37	68	75	61.5	3.5	67.5	44	101.5	82.5	65	
59	0	38	58	31.5	36.5	49	46.5	54	36	31.5	54	8	37	64.5	37	54	9	26	29.5	57.5	23.5	47	44.5	43.5	34	
69	38	0	68	26.5	26.5	39	36.5	64	46	41.5	64	34	47	74.5	5	64	33	26	39.5	67.5	33.5	57	34.5	33.5	34	
33	58	68	0	69.5	62.5	75	72.5	20	50	52.5	32	50	43	20.5	63	30	49	52	50.5	31.5	44.5	33	70.5	69.5	62	
62.5	31.5	26.5	69.5	0	33	39.5	43	65.5	39.5	37	57.5	35.5	46.5	74	31.5	59.5	34.5	27.5	39	61	35	56.5	41	40	27.5	
89.5	36.5	26.5	62.5	33	0	18.5	16	58.5	58.5	36	70.5	28.5	41.5	69	21.5	58.5	27.5	20.5	34	88	28	51.5	14	7	30.5	
82	49	39	75	39.5	18.5	0	23.5	71	59	48.5	77	41	54	81.5	34	71	40	33	46.5	80.5	40.5	64	21.5	25.5	43	
89.5	46.5	36.5	72.5	43	16	23.5	0	68.5	66.5	46	80.5	38.5	51.5	79	31.5	68.5	37.5	30.5	44	88	38	61.5	14	23	40.5	
37	54	64	20	65.5	58.5	71	68.5	0	44	48.5	12	46	39	26.5	59	26	45	48	46.5	35.5	40.5	29	66.5	65.5	58	
37	36	46	50	39.5	58.5	59	66.5	44	0	36.5	32	44	31	48.5	51	34	45	48	38.5	35.5	40.5	31	66.5	59.5	42	
59.5	31.5	41.5	52.5	37	36	48.5	46	48.5	36.5	0	54.5	23.5	31.5	59	36.5	48.5	22.5	25.5	2	58	8	41.5	44	43	35.5	
25	54	64	32	57.5	70.5	77	80.5	12	32	54.5	0	58	49	36.5	69	32	57	60	56.5	23.5	52.5	39	78.5	77.5	60	
67	8	34	50	35.5	28.5	41	38.5	46	44	23.5	58	0	29	56.5	29	46	1	18	21.5	65.5	15.5	39	36.5	35.5	28	
54	37	47	43	46.5	41.5	54	51.5	39	31	31.5	49	29	0	49.5	42	39	28	31	29.5	52.5	23.5	32	49.5	48.5	41	
26.5	64.5	74.5	20.5	74	69	81.5	79	26.5	48.5	59	36.5	56.5	49.5	0	69.5	36.5	55.5	58.5	57	25	51	39.5	77	76	68.5	
74	37	5	63	31.5	21.5	34	31.5	59	51	36.5	69	29	42	69.5	0	59	28	21	34.5	72.5	28.5	52	29.5	28.5	31	
37	54	64	30	59.5	58.5	71	68.5	26	34	48.5	32	46	39	36.5	59	0	45	48	46.5	35.5	40.5	29	66.5	65.5	58	
68	9	33	49	34.5	27.5	40	37.5	45	45	22.5	57	1	28	55.5	28	45	0	17	20.5	66.5	14.5	38	35.5	34.5	27	
75	26	26	52	27.5	20.5	33	30.5	48	48	25.5	60	18	31	58.5	21	48	17	0	23.5	73.5	17.5	41	28.5	27.5	10	
61.5	29.5	39.5	50.5	39	34	46.5	44	46.5	38.5	2	56.5	21.5	29.5	57	34.5	46.5	20.5	23.5	0	60	6	39.5	42	41	33.5	
3.5	57.5	67.5	31.5	61	88	80.5	88	35.5	35.5	58	23.5	65.5	52.5	25	72.5	35.5	66.5	73.5	60	0	66	42.5	100	81	63.5	
67.5	23.5	33.5	44.5	35	28	40.5	38	40.5	40.5	8	52.5	15.5	23.5	51	28.5	40.5	14.5	17.5	6	66	0	33.5	36	35	27.5	
44	47	57	33	56.5	51.5	64	61.5	29	31	41.5	39	39	32	39.5	52	29	38	41	39.5	42.5	33.5	0	59.5	58.5	51	
101.5	44.5	34.5	70.5	41	14	21.5	14	66.5	66.5	44	78.5	36.5	49.5	77	29.5	66.5	35.5	28.5	42	100	36	59.5	0	21	38.5	
82.5	43.5	33.5	69.5	40	7	25.5	23	65.5	59.5	43	77.5	35.5	48.5	76	28.5	65.5	34.5	27.5	41	81	35	58.5	21	0	37.5	
65	34	34	62	27.5	30.5	43	40.5	58	42	35.5	60	28	41	68.5	31	58	27	10	33.5	63.5	27.5	51	38.5	37.5	0	
