Number of items: 25
Horizon: 3
Time limit: 500
Load limit: 1500
Initial item inventory level
20
138
150
74
90
142
184
30
42
84
58
158
50
198
170
138
82
95
168
28
70
58
136
16
82
Maximum inventory capacity per item
30
207
225
148
180
213
276
45
84
126
87
237
100
297
255
207
164
190
252
42
140
116
204
32
164
Reserve storage replenishment rate per item and per period
60	0	0	
414	0	0	
450	0	0	
444	0	0	
540	0	0	
426	0	0	
552	0	0	
90	0	0	
252	0	0	
252	0	0	
174	0	0	
474	0	0	
300	0	0	
594	0	0	
510	0	0	
414	0	0	
492	0	0	
570	0	0	
504	0	0	
84	0	0	
420	0	0	
348	0	0	
408	0	0	
96	0	0	
492	0	0	
Forward storage demand rate per item and per period
10	5	3	
69	103	82	
75	68	89	
74	77	23	
90	92	58	
71	81	12	
92	50	95	
15	17	8	
42	7	45	
42	42	25	
29	28	33	
79	17	112	
50	57	14	
99	64	132	
85	68	139	
69	48	76	
82	106	89	
95	136	125	
84	42	31	
14	16	6	
70	79	16	
58	37	60	
68	54	116	
16	16	10	
82	116	85	
Distance matrix
0	41	73.5	47.5	14.5	58	59	82.5	8.5	40.5	73	61.5	13	32	34.5	45	45	42	48.5	43.5	74.5	57	72	43	51	99	
41	0	54.5	31.5	40.5	17	40	61.5	34.5	26.5	54	42.5	44	47	44.5	26	34	37	30.5	24.5	39.5	38	53	36	32	60	
73.5	54.5	0	54	73	43.5	22.5	29	67	59	31.5	40	76.5	69.5	67	48.5	56.5	59.5	53	42	27	20.5	29.5	58.5	34.5	27.5	
47.5	31.5	54	0	33	14.5	63.5	55	39	27	59.5	36	34.5	15.5	13	37.5	2.5	5.5	19	44	33	65.5	50.5	4.5	51.5	53.5	
14.5	40.5	73	33	0	47.5	58.5	82	6	40	72.5	61	17.5	31.5	34	44.5	30.5	33.5	48	43	66	56.5	71.5	32.5	50.5	86.5	
58	17	43.5	14.5	47.5	0	53	44.5	51.5	21.5	49	25.5	49	30	27.5	27	17	20	13.5	33.5	22.5	55	40	19	41	43	
59	40	22.5	63.5	58.5	53	0	31.5	52.5	44.5	22	35.5	62	71	68.5	34	66	69	52.5	27.5	36.5	2	13	68	20	42	
82.5	61.5	29	55	82	44.5	31.5	0	76	62	29.5	41	85.5	70.5	68	57.5	57.5	60.5	54	51	28	29.5	30.5	59.5	43.5	18.5	
8.5	34.5	67	39	6	51.5	52.5	76	0	34	66.5	55	11.5	25.5	28	38.5	36.5	35.5	42	37	68	50.5	65.5	36.5	44.5	92.5	
40.5	26.5	59	27	40	21.5	44.5	62	34	0	58.5	43	43.5	42.5	40	30.5	29.5	32.5	8	29	40	42.5	57.5	31.5	36.5	60.5	
73	54	31.5	59.5	72.5	49	22	29.5	66.5	58.5	0	45.5	76	75	72.5	48	62	65	58.5	41.5	32.5	20	35	64	34	28	
61.5	42.5	40	36	61	25.5	35.5	41	55	43	45.5	0	64.5	51.5	49	36.5	38.5	41.5	35	30	19	33.5	36.5	40.5	27.5	39.5	
13	44	76.5	34.5	17.5	49	62	85.5	11.5	43.5	76	64.5	0	35	37.5	48	32	35	51.5	46.5	67.5	60	75	34	54	88	
32	47	69.5	15.5	31.5	30	71	70.5	25.5	42.5	75	51.5	35	0	18.5	53	13	16	34.5	55.5	48.5	69	66	15	63	69	
34.5	44.5	67	13	34	27.5	68.5	68	28	40	72.5	49	37.5	18.5	0	50.5	10.5	13.5	32	53	46	66.5	63.5	12.5	60.5	66.5	
45	26	48.5	37.5	44.5	27	34	57.5	38.5	30.5	48	36.5	48	53	50.5	0	40	43	36.5	18.5	35.5	32	47	42	26	56	
45	34	56.5	2.5	30.5	17	66	57.5	36.5	29.5	62	38.5	32	13	10.5	40	0	3	21.5	46.5	35.5	68	53	2	54	56	
42	37	59.5	5.5	33.5	20	69	60.5	35.5	32.5	65	41.5	35	16	13.5	43	3	0	24.5	49.5	38.5	69	56	1	57	59	
48.5	30.5	53	19	48	13.5	52.5	54	42	8	58.5	35	51.5	34.5	32	36.5	21.5	24.5	0	37	32	50.5	49.5	23.5	44.5	52.5	
43.5	24.5	42	44	43	33.5	27.5	51	37	29	41.5	30	46.5	55.5	53	18.5	46.5	49.5	37	0	37	25.5	40.5	48.5	19.5	57.5	
74.5	39.5	27	33	66	22.5	36.5	28	68	40	32.5	19	67.5	48.5	46	35.5	35.5	38.5	32	37	0	36.5	23.5	37.5	29.5	26.5	
57	38	20.5	65.5	56.5	55	2	29.5	50.5	42.5	20	33.5	60	69	66.5	32	68	69	50.5	25.5	36.5	0	15	70	18	44	
72	53	29.5	50.5	71.5	40	13	30.5	65.5	57.5	35	36.5	75	66	63.5	47	53	56	49.5	40.5	23.5	15	0	55	33	29	
43	36	58.5	4.5	32.5	19	68	59.5	36.5	31.5	64	40.5	34	15	12.5	42	2	1	23.5	48.5	37.5	70	55	0	56	58	
51	32	34.5	51.5	50.5	41	20	43.5	44.5	36.5	34	27.5	54	63	60.5	26	54	57	44.5	19.5	29.5	18	33	56	0	50	
99	60	27.5	53.5	86.5	43	42	18.5	92.5	60.5	28	39.5	88	69	66.5	56	56	59	52.5	57.5	26.5	44	29	58	50	0	
