Number of items: 25
Horizon: 3
Time limit: 500
Load limit: 1500
Initial item inventory level
37
22
91
174
43
13
10
57
104
36
108
45
50
24
44
156
182
13
188
53
74
44
17
94
50
Maximum inventory capacity per item
74
33
182
261
86
26
20
114
156
54
162
90
75
36
88
234
273
26
282
106
148
66
34
188
100
Reserve storage replenishment rate per item and per period
222	0	0	
66	0	0	
546	0	0	
522	0	0	
258	0	0	
78	0	0	
60	0	0	
342	0	0	
312	0	0	
108	0	0	
324	0	0	
270	0	0	
150	0	0	
72	0	0	
264	0	0	
468	0	0	
546	0	0	
78	0	0	
564	0	0	
318	0	0	
444	0	0	
132	0	0	
102	0	0	
564	0	0	
300	0	0	
Forward storage demand rate per item and per period
37	44	58	
11	9	18	
91	67	137	
87	135	132	
43	18	25	
13	7	4	
10	6	8	
57	75	59	
52	49	21	
18	27	22	
54	57	45	
45	51	52	
25	22	31	
12	11	11	
44	23	47	
78	18	77	
91	127	99	
13	14	11	
94	166	80	
53	52	27	
74	67	67	
22	3	18	
17	25	29	
94	52	125	
50	82	45	
Distance matrix
0	58	53	59.5	5	29	85	44	87	29	77	23	98	72	23	41	21	47	18	30	79.5	42.5	16.5	28	80.5	28.5	
58	0	5	32.5	63	47	37	32	35	57	45	41	44	40	61	51	69	45	56	62	47.5	49.5	69.5	64	48.5	41.5	
53	5	0	27.5	58	42	42	27	40	52	40	36	49	35	56	54	64	40	51	67	42.5	50.5	64.5	69	43.5	36.5	
59.5	32.5	27.5	0	64.5	48.5	35.5	33.5	33.5	56.5	51.5	42.5	42.5	46.5	62.5	44.5	64.5	38.5	57.5	55.5	54	43	69	57.5	55	43	
5	63	58	64.5	0	34	90	49	88	34	82	28	97	77	28	46	26	52	23	25	84.5	47.5	21.5	23	85.5	33.5	
29	47	42	48.5	34	0	66	33	64	28	66	6	73	61	32	12	40	36	27	41	68.5	31.5	40.5	43	69.5	17.5	
85	37	42	35.5	90	66	0	51	2	66	38	68	17	37	72	54	74	48	77	65	30.5	52.5	78.5	67	29.5	66.5	
44	32	27	33.5	49	33	51	0	49	43	51	27	58	46	47	45	55	31	42	56	53.5	41.5	55.5	58	54.5	27.5	
87	35	40	33.5	88	64	2	49	0	64	36	70	15	39	70	52	72	46	75	63	28.5	50.5	76.5	65	27.5	64.5	
29	57	52	56.5	34	28	66	43	64	0	76	22	73	71	32	30	40	44	27	31	78.5	33.5	40.5	33	79.5	27.5	
77	45	40	51.5	82	66	38	51	36	76	0	60	21	5	80	78	88	64	75	93	21.5	74.5	88.5	95	22.5	60.5	
23	41	36	42.5	28	6	68	27	70	22	60	0	79	55	26	18	34	30	21	47	62.5	25.5	34.5	49	63.5	11.5	
98	44	49	42.5	97	73	17	58	15	73	21	79	0	26	79	61	81	55	84	72	22.5	59.5	85.5	74	21.5	73.5	
72	40	35	46.5	77	61	37	46	39	71	5	55	26	0	75	73	83	59	70	98	16.5	69.5	83.5	100	17.5	55.5	
23	61	56	62.5	28	32	72	47	70	32	80	26	79	75	0	36	34	50	5	27	82.5	39.5	34.5	29	83.5	31.5	
41	51	54	44.5	46	12	54	45	52	30	78	18	61	73	36	0	38	32	39	29	74.5	21.5	42.5	31	73.5	29.5	
21	69	64	64.5	26	40	74	55	72	40	88	34	81	83	34	38	0	52	29	19	90.5	41.5	32.5	21	91.5	39.5	
47	45	40	38.5	52	36	48	31	46	44	64	30	55	59	50	32	52	0	45	43	66.5	30.5	56.5	45	67.5	30.5	
18	56	51	57.5	23	27	77	42	75	27	75	21	84	70	5	39	29	45	0	32	77.5	40.5	29.5	34	78.5	26.5	
30	62	67	55.5	25	41	65	56	63	31	93	47	72	98	27	29	19	43	32	0	85.5	32.5	18.5	2	84.5	46.5	
79.5	47.5	42.5	54	84.5	68.5	30.5	53.5	28.5	78.5	21.5	62.5	22.5	16.5	82.5	74.5	90.5	66.5	77.5	85.5	0	73	91	87.5	1	63	
42.5	49.5	50.5	43	47.5	31.5	52.5	41.5	50.5	33.5	74.5	25.5	59.5	69.5	39.5	21.5	41.5	30.5	40.5	32.5	73	0	46	34.5	72	14	
16.5	69.5	64.5	69	21.5	40.5	78.5	55.5	76.5	40.5	88.5	34.5	85.5	83.5	34.5	42.5	32.5	56.5	29.5	18.5	91	46	0	20.5	92	40	
28	64	69	57.5	23	43	67	58	65	33	95	49	74	100	29	31	21	45	34	2	87.5	34.5	20.5	0	86.5	48.5	
80.5	48.5	43.5	55	85.5	69.5	29.5	54.5	27.5	79.5	22.5	63.5	21.5	17.5	83.5	73.5	91.5	67.5	78.5	84.5	1	72	92	86.5	0	64	
28.5	41.5	36.5	43	33.5	17.5	66.5	27.5	64.5	27.5	60.5	11.5	73.5	55.5	31.5	29.5	39.5	30.5	26.5	46.5	63	14	40	48.5	64	0	
