Number of items: 25
Horizon: 3
Time limit: 500
Load limit: 1500
Initial item inventory level
68
88
68
136
112
19
60
172
176
132
76
54
56
70
19
45
162
25
102
18
39
162
80
59
71
Maximum inventory capacity per item
136
176
136
204
168
38
90
258
264
198
114
108
112
105
38
90
243
50
153
36
78
243
120
118
142
Reserve storage replenishment rate per item and per period
408	0	0	
528	0	0	
408	0	0	
408	0	0	
336	0	0	
114	0	0	
180	0	0	
516	0	0	
528	0	0	
396	0	0	
228	0	0	
324	0	0	
336	0	0	
210	0	0	
114	0	0	
270	0	0	
486	0	0	
150	0	0	
306	0	0	
108	0	0	
234	0	0	
486	0	0	
240	0	0	
354	0	0	
426	0	0	
Forward storage demand rate per item and per period
68	88	75	
88	144	88	
68	29	50	
68	67	81	
56	78	37	
19	2	16	
30	24	27	
86	38	55	
88	72	97	
66	101	83	
38	24	30	
54	65	42	
56	63	16	
35	27	55	
19	12	24	
45	36	29	
81	61	52	
25	13	8	
51	26	75	
18	13	12	
39	44	22	
81	80	113	
40	24	18	
59	33	101	
71	51	41	
Distance matrix
0	35.5	19	50.5	15.5	54	38	41	100.5	15	48	84.5	71.5	84.5	88.5	92.5	25	54	78	18.5	35	50.5	76.5	74	32	14	
35.5	0	34.5	19	44	40.5	38.5	23.5	69	40.5	46.5	85	72	55	61	77	30.5	50.5	56.5	17	29.5	19	63	70.5	32.5	45.5	
19	34.5	0	35.5	29.5	53	37	40	85.5	24	47	83.5	70.5	71.5	77.5	91.5	24	53	73	17.5	34	35.5	75.5	73	31	33	
50.5	19	35.5	0	39	25.5	41.5	13.5	54	39.5	31.5	70	73	40	46	62	29.5	35.5	41.5	34	19.5	0	48	55.5	37.5	40.5	
15.5	44	29.5	39	0	60.5	48.5	43.5	89	25.5	58.5	95	82	75	81	97	35.5	64.5	76.5	29	45.5	39	83	84.5	42.5	29.5	
54	40.5	53	25.5	60.5	0	16	35	50.5	59	6	66.5	55.5	36.5	42.5	58.5	49	32	38	37.5	41	25.5	44.5	52	26	62	
38	38.5	37	41.5	48.5	16	0	39	66.5	43	10	52.5	39.5	52.5	56.5	60.5	33	22	46	21.5	33	41.5	44.5	42	10	52	
41	23.5	40	13.5	43.5	35	39	0	63.5	44	41	79.5	72.5	49.5	55.5	71.5	34	45	51	24.5	6	13.5	57.5	65	33	45	
100.5	69	85.5	54	89	50.5	66.5	63.5	0	89.5	56.5	16	33	20	16	8	79.5	50.5	26.5	84	69.5	54	28	30.5	72.5	90.5	
15	40.5	24	39.5	25.5	59	43	44	89.5	0	53	89.5	76.5	75.5	81.5	97.5	30	59	77	23.5	40	39.5	81.5	79	37	29	
48	46.5	47	31.5	58.5	6	10	41	56.5	53	0	62.5	49.5	42.5	48.5	64.5	43	32	44	31.5	43	31.5	50.5	52	20	62	
84.5	85	83.5	70	95	66.5	52.5	79.5	16	89.5	62.5	0	21	36	32	8	79.5	58.5	42.5	68	79.5	70	44	38.5	56.5	98.5	
71.5	72	70.5	73	82	55.5	39.5	72.5	33	76.5	49.5	21	0	39	35	29	66.5	45.5	39.5	55	66.5	73	33	25.5	43.5	85.5	
84.5	55	71.5	40	75	36.5	52.5	49.5	20	75.5	42.5	36	39	0	12	28	65.5	36.5	12.5	68	55.5	40	8	21.5	56.5	76.5	
88.5	61	77.5	46	81	42.5	56.5	55.5	16	81.5	48.5	32	35	12	0	24	71.5	42.5	18.5	72	61.5	46	20	22.5	60.5	82.5	
92.5	77	91.5	62	97	58.5	60.5	71.5	8	97.5	64.5	8	29	28	24	0	87.5	58.5	34.5	76	77.5	62	36	38.5	64.5	98.5	
25	30.5	24	29.5	35.5	49	33	34	79.5	30	43	79.5	66.5	65.5	71.5	87.5	0	49	67	13.5	30	29.5	71.5	69	27	39	
54	50.5	53	35.5	64.5	32	22	45	50.5	59	32	58.5	45.5	36.5	42.5	58.5	49	0	38	37.5	49	35.5	44.5	48	26	68	
78	56.5	73	41.5	76.5	38	46	51	26.5	77	44	42.5	39.5	12.5	18.5	34.5	67	38	0	61.5	57	41.5	20.5	28	50	78	
18.5	17	17.5	34	29	37.5	21.5	24.5	84	23.5	31.5	68	55	68	72	76	13.5	37.5	61.5	0	18.5	34	60	57.5	15.5	32.5	
35	29.5	34	19.5	45.5	41	33	6	69.5	40	43	79.5	66.5	55.5	61.5	77.5	30	49	57	18.5	0	19.5	63.5	69	27	49	
50.5	19	35.5	0	39	25.5	41.5	13.5	54	39.5	31.5	70	73	40	46	62	29.5	35.5	41.5	34	19.5	0	48	55.5	37.5	40.5	
76.5	63	75.5	48	83	44.5	44.5	57.5	28	81.5	50.5	44	33	8	20	36	71.5	44.5	20.5	60	63.5	48	0	29.5	48.5	84.5	
74	70.5	73	55.5	84.5	52	42	65	30.5	79	52	38.5	25.5	21.5	22.5	38.5	69	48	28	57.5	69	55.5	29.5	0	46	88	
32	32.5	31	37.5	42.5	26	10	33	72.5	37	20	56.5	43.5	56.5	60.5	64.5	27	26	50	15.5	27	37.5	48.5	46	0	46	
14	45.5	33	40.5	29.5	62	52	45	90.5	29	62	98.5	85.5	76.5	82.5	98.5	39	68	78	32.5	49	40.5	84.5	88	46	0	
