Number of items: 25
Horizon: 6
Time limit: 500
Load limit: 1500
Initial item inventory level
63
62
48
42
15
42
50
58
92
146
116
62
96
61
32
168
23
64
25
61
110
46
97
186
56
Maximum inventory capacity per item
126
124
72
84
30
84
75
87
138
219
174
93
144
122
48
252
46
96
50
122
165
92
194
279
112
Reserve storage replenishment rate per item and per period
378	0	0	378	0	0	
372	0	0	372	0	0	
144	0	0	144	0	0	
252	0	0	252	0	0	
90	0	0	90	0	0	
252	0	0	252	0	0	
150	0	0	150	0	0	
174	0	0	174	0	0	
276	0	0	276	0	0	
438	0	0	438	0	0	
348	0	0	348	0	0	
186	0	0	186	0	0	
288	0	0	288	0	0	
366	0	0	366	0	0	
96	0	0	96	0	0	
504	0	0	504	0	0	
138	0	0	138	0	0	
192	0	0	192	0	0	
150	0	0	150	0	0	
366	0	0	366	0	0	
330	0	0	330	0	0	
276	0	0	276	0	0	
582	0	0	582	0	0	
558	0	0	558	0	0	
336	0	0	336	0	0	
Forward storage demand rate per item and per period
63	46	71	88	92	78	
62	71	64	41	84	17	
24	25	41	29	11	34	
42	76	58	58	26	43	
15	8	13	7	12	25	
42	60	27	32	21	51	
25	33	28	14	21	13	
29	22	32	29	38	23	
46	56	56	48	74	74	
73	122	20	49	94	67	
58	80	50	69	28	61	
31	42	27	31	48	42	
48	11	39	56	94	21	
61	107	24	67	82	91	
16	9	7	7	16	14	
84	80	65	112	94	91	
23	13	18	32	33	39	
32	8	34	10	20	26	
25	12	18	31	0	47	
61	38	50	54	49	48	
55	32	68	53	81	63	
46	65	31	48	70	18	
97	122	45	85	36	79	
93	121	63	88	154	136	
56	54	28	65	3	81	
Distance matrix
0	62	83.5	58	51	56.5	32.5	13.5	84	72.5	27	2	97.5	75	24.5	44	35.5	58.5	39	58	15	62	81	15	81	52	
62	0	29.5	30	37	28.5	55.5	60.5	54	15.5	49	64	35.5	33	63.5	44	32.5	30.5	49	30	67	34	53	67	47	36	
83.5	29.5	0	33.5	40.5	35	59	78	32.5	19	64.5	85.5	14	16.5	67	47.5	54	25	52.5	33.5	76.5	30.5	35.5	76.5	25.5	39.5	
58	30	33.5	0	39	19.5	69.5	56.5	42	29.5	45	60	39.5	33	77.5	58	28.5	16.5	63	0	63	20	39	63	39	40	
51	37	40.5	39	0	37.5	46.5	49.5	65	21.5	38	53	46.5	44	54.5	35	21.5	39.5	40	39	56	43	62	56	58	1	
56.5	28.5	35	19.5	37.5	0	66	55	45.5	26	43.5	58.5	41	36.5	74	54.5	27	20	59.5	19.5	61.5	23.5	42.5	61.5	42.5	38.5	
32.5	55.5	59	69.5	46.5	66	0	19	83.5	40	40.5	34.5	65	62.5	18	23.5	53	76	8.5	69.5	27.5	79.5	86.5	27.5	76.5	45.5	
13.5	60.5	78	56.5	49.5	55	19	0	82.5	59	25.5	15.5	84	73.5	33	42.5	34	57	27.5	56.5	18.5	60.5	79.5	18.5	79.5	50.5	
84	54	32.5	42	65	45.5	83.5	82.5	0	43.5	71	86	18.5	41	91.5	72	54.5	27.5	77	42	89	26	3	89	35	64	
72.5	15.5	19	29.5	21.5	26	40	59	43.5	0	45.5	70.5	25	22.5	48	28.5	37	44	33.5	29.5	57.5	45.5	46.5	57.5	36.5	20.5	
27	49	64.5	45	38	43.5	40.5	25.5	71	45.5	0	29	70.5	62	46.5	17	22.5	45.5	34	45	32	49	68	32	68	39	
2	64	85.5	60	53	58.5	34.5	15.5	86	70.5	29	0	95.5	77	26.5	46	37.5	60.5	39	60	17	64	83	17	83	54	
97.5	35.5	14	39.5	46.5	41	65	84	18.5	25	70.5	95.5	0	22.5	73	53.5	62	39	58.5	39.5	82.5	35.5	21.5	82.5	16.5	45.5	
75	33	16.5	33	44	36.5	62.5	73.5	41	22.5	62	77	22.5	0	70.5	51	45.5	23.5	56	33	80	27	44	80	34	43	
24.5	63.5	67	77.5	54.5	74	18	33	91.5	48	46.5	26.5	73	70.5	0	31.5	55	78	16.5	77.5	30.5	81.5	94.5	30.5	84.5	53.5	
44	44	47.5	58	35	54.5	23.5	42.5	72	28.5	17	46	53.5	51	31.5	0	39.5	62.5	17	58	41	66	75	41	65	34	
35.5	32.5	54	28.5	21.5	27	53	34	54.5	37	22.5	37.5	62	45.5	55	39.5	0	29	50.5	28.5	40.5	32.5	51.5	40.5	51.5	22.5	
58.5	30.5	25	16.5	39.5	20	76	57	27.5	44	45.5	60.5	39	23.5	78	62.5	29	0	77.5	16.5	63.5	5.5	24.5	63.5	24.5	40.5	
39	49	52.5	63	40	59.5	8.5	27.5	77	33.5	34	39	58.5	56	16.5	17	50.5	77.5	0	63	26	79	80	26	70	39	
58	30	33.5	0	39	19.5	69.5	56.5	42	29.5	45	60	39.5	33	77.5	58	28.5	16.5	63	0	63	20	39	63	39	40	
15	67	76.5	63	56	61.5	27.5	18.5	89	57.5	32	17	82.5	80	30.5	41	40.5	63.5	26	63	0	67	86	0	86	57	
62	34	30.5	20	43	23.5	79.5	60.5	26	45.5	49	64	35.5	27	81.5	66	32.5	5.5	79	20	67	0	23	67	23	44	
81	53	35.5	39	62	42.5	86.5	79.5	3	46.5	68	83	21.5	44	94.5	75	51.5	24.5	80	39	86	23	0	86	32	63	
15	67	76.5	63	56	61.5	27.5	18.5	89	57.5	32	17	82.5	80	30.5	41	40.5	63.5	26	63	0	67	86	0	86	57	
81	47	25.5	39	58	42.5	76.5	79.5	35	36.5	68	83	16.5	34	84.5	65	51.5	24.5	70	39	86	23	32	86	0	57	
52	36	39.5	40	1	38.5	45.5	50.5	64	20.5	39	54	45.5	43	53.5	34	22.5	40.5	39	40	57	44	63	57	57	0	
